<?xml version="1.0" encoding="UTF-8"?>
<BorderFile Version="3" Structure="CORTEX_LEFT" SurfaceNumberOfVertices="163842">
    <MetaData>
        <MD>
            <Name>ParentProvenance</Name>
            <Value>sym_surface/0.3mm/fsaverage_LR164k/civm.L.white.164k_fs_LR.surf.gii:
/mnt/d/Ubuntu18.04/rootfs/home/luyuheng/local/workbench-1.4.2/bin_linux64/../exe_linux64/wb_command -surface-flip-lr /mnt/e/CASIA/NeuroData/BNA_Macaque/Macaque_Brainnetome_ROIs/surf_ver4.1/symmetry_surface/0.3mm/fsaverage_LR164k/civm.R.white.164k_fs_LR.surf.gii /mnt/e/CASIA/NeuroData/BNA_Macaque/Macaque_Brainnetome_ROIs/surf_ver4.1/symmetry_surface/0.3mm/fsaverage_LR164k/civm.L.white.164k_fs_LR.surf.gii

group_8_addup124_164k_L.label.gii:
/mnt/d/Ubuntu18.04/rootfs/home/luyuheng/local/workbench-1.4.2/bin_linux64/../exe_linux64/wb_command -metric-label-import group_8_addup124_164k_L.label.gii BN_Macaque_Atlas_LUT124.txt group_8_addup124_164k_L.label.gii

</Value>
        </MD>
        <MD>
            <Name>ProgramProvenance</Name>
            <Value>Connectome Workbench
Type: Command Line Application
Version: 1.4.2
Qt Compiled Version: 5.7.0
Qt Runtime Version: 5.7.0
Commit: 092b7f2f7dfab0f9ea7cbb6c1db2e5dffd2c1045
Commit Date: 2020-01-07 17:24:23 -0600
Compiled with OpenMP: YES
Compiler: g++ (/home/caret/gcc/install/gcc-4.8.5/bin)
Compiler Version: 4.8.5
Compiled Debug: NO
Operating System: Linux
</Value>
        </MD>
        <MD>
            <Name>Provenance</Name>
            <Value>/mnt/d/Ubuntu18.04/rootfs/home/luyuheng/local/workbench-1.4.2/bin_linux64/../exe_linux64/wb_command -label-to-border sym_surface/0.3mm/fsaverage_LR164k/civm.L.white.164k_fs_LR.surf.gii group_8_addup124_164k_L.label.gii group_8_addup124_164k_L.border -placement 0.5</Value>
        </MD>
        <MD>
            <Name>WorkingDirectory</Name>
            <Value>/mnt/e/CASIA/NeuroData/BNA_Macaque/final_results/foruse_LR124</Value>
        </MD>
    </MetaData>
    <Class Name="#1" Red="0" Green="0" Blue="0">
        <Border Name="FP.d" Red="0" Green="0" Blue="1">
            <BorderPart Closed="True">
                <Vertices>98990 98989 103797
98990 103797 98989
98990 103879 103797
98991 103879 98990
98991 103960 103879
98992 103960 98991
104040 103960 98992
104040 103961 103960
104040 104041 103961
104040 104119 98993
98993 104119 104040
98994 104119 98993
98994 104197 104119
98995 104197 98994
98995 104274 104197
98996 104274 98995
98996 104350 104274
98997 104350 98996
98997 104425 104350
98998 104425 98997
98998 104499 104425
98999 104499 98998
98999 104572 104499
99000 104572 98999
99000 104644 104572
99000 99001 104644
139894 99001 99000
139895 99001 139894
139895 99002 99001
139896 99002 139895
139896 99003 99002
139897 99003 139896
139897 99004 99003
139898 99004 139897
139898 99005 99004
139898 139899 99005
140024 139899 139898
140025 139899 140024
140025 139900 139899
140025 140026 139900
140150 140026 140025
140150 140151 140026
140150 140274 140273
140273 140274 140150
140273 140396 140395
140395 140396 140273
140395 140517 140516
140516 140517 140395
140516 140637 140636
140636 140637 140516
140756 140637 140636
140756 140757 140637
140756 140875 140874
140874 140875 140756
140874 140992 140991
140991 140992 140874
141108 140992 140991
141108 141109 140992
141108 141224 141223
141223 141224 141108
141338 141224 141223
141338 141339 141224
141338 141452 141451
141451 141452 141338
141451 141564 141563
141563 141564 141451
141563 141675 141674
141563 141674 141562
141562 141674 141673
141673 141674 141562
141673 141784 141783
141673 141783 141672
141672 141783 141782
141782 141783 141672
141782 141892 141891
141891 141892 141782
141891 142000 141999
141891 141999 141890
141890 141999 141998
141998 141999 141890
141998 142106 142105
142105 142106 141998
142105 142212 142211
142105 142211 142104
142104 142211 142210
142210 142211 142104
142210 142316 142315
142315 142316 142210
142315 142420 142419
142419 142420 142315
142419 142523 142522
142419 142522 142418
142418 142522 142521
142521 142522 142418
142521 142624 142623
142623 142624 142521
142623 142725 142724
142623 142724 142622
142623 142622 142520
142520 142622 142519
142519 142622 142621
142519 142621 142518
142519 142518 142415
142415 142518 142414
142414 142518 142517
142414 142517 142413
142414 142413 142309
142309 142413 142308
142309 142308 142203
142203 142308 142202
142202 142308 142307
142202 142307 142201
142202 142201 142095
142095 142201 142094
142094 142201 142200
142094 142200 142093
142094 142093 141986
141986 142093 141985
141985 142093 142092
141985 142092 141984
141984 142092 142091
141984 142091 141983
141984 141983 141875
141875 141983 141874
141875 141874 141765
141875 141765 141874
141766 141765 141655
141655 141765 141654
141655 141654 141543
141543 141654 141542
141543 141542 141430
141430 141542 141429
141430 141429 141316
141316 141429 141315
141316 141315 141201
141201 141315 141200
141201 141200 141085
141085 141200 141084
141085 141084 140968
141085 140968 141084
140969 140968 140851
140851 140968 140850
140851 140850 140732
140851 140732 140850
140733 140732 140613
140613 140732 140612
140613 140612 140492
140613 140492 140612
140493 140492 140371
140493 140371 140492
140372 140371 140249
140372 140249 140371
140250 140249 140126
140250 140126 140249
140127 140126 140002
140127 140002 140126
140003 140002 139877
140003 139877 140002
140003 139878 139877
140004 139878 140003
140004 139879 139878
140005 139879 140004
139880 139879 98986
139880 98986 139879
139880 98987 98986
139881 98987 139880
139881 98988 98987
139882 98988 139881
139882 98989 98988
139883 98989 139882
</Vertices>
                <Weights>0.5 0.5 0
0.5 0.5 0
0.5 0.5 0
0.5 0.5 0
0.5 0.5 0
0.5 0.5 0
0.5 0.5 0
0.5 0.5 0
0.5 0.5 0
0.5 0.5 0
0.5 0.5 0
0.5 0.5 0
0.5 0.5 0
0.5 0.5 0
0.5 0.5 0
0.5 0.5 0
0.5 0.5 0
0.5 0.5 0
0.5 0.5 0
0.5 0.5 0
0.5 0.5 0
0.5 0.5 0
0.5 0.5 0
0.5 0.5 0
0.5 0.5 0
0.5 0.5 0
0.5 0.5 0
0.5 0.5 0
0.5 0.5 0
0.5 0.5 0
0.5 0.5 0
0.5 0.5 0
0.5 0.5 0
0.5 0.5 0
0.5 0.5 0
0.5 0.5 0
0.5 0.5 0
0.5 0.5 0
0.5 0.5 0
0.5 0.5 0
0.5 0.5 0
0.5 0.5 0
0.5 0.5 0
0.5 0.5 0
0.5 0.5 0
0.5 0.5 0
0.5 0.5 0
0.5 0.5 0
0.5 0.5 0
0.5 0.5 0
0.5 0.5 0
0.5 0.5 0
0.5 0.5 0
0.5 0.5 0
0.5 0.5 0
0.5 0.5 0
0.5 0.5 0
0.5 0.5 0
0.5 0.5 0
0.5 0.5 0
0.5 0.5 0
0.5 0.5 0
0.5 0.5 0
0.5 0.5 0
0.5 0.5 0
0.5 0.5 0
0.5 0.5 0
0.5 0.5 0
0.5 0.5 0
0.5 0.5 0
0.5 0.5 0
0.5 0.5 0
0.5 0.5 0
0.5 0.5 0
0.5 0.5 0
0.5 0.5 0
0.5 0.5 0
0.5 0.5 0
0.5 0.5 0
0.5 0.5 0
0.5 0.5 0
0.5 0.5 0
0.5 0.5 0
0.5 0.5 0
0.5 0.5 0
0.5 0.5 0
0.5 0.5 0
0.5 0.5 0
0.5 0.5 0
0.5 0.5 0
0.5 0.5 0
0.5 0.5 0
0.5 0.5 0
0.5 0.5 0
0.5 0.5 0
0.5 0.5 0
0.5 0.5 0
0.5 0.5 0
0.5 0.5 0
0.5 0.5 0
0.5 0.5 0
0.5 0.5 0
0.5 0.5 0
0.5 0.5 0
0.5 0.5 0
0.5 0.5 0
0.5 0.5 0
0.5 0.5 0
0.5 0.5 0
0.5 0.5 0
0.5 0.5 0
0.5 0.5 0
0.5 0.5 0
0.5 0.5 0
0.5 0.5 0
0.5 0.5 0
0.5 0.5 0
0.5 0.5 0
0.5 0.5 0
0.5 0.5 0
0.5 0.5 0
0.5 0.5 0
0.5 0.5 0
0.5 0.5 0
0.5 0.5 0
0.5 0.5 0
0.5 0.5 0
0.5 0.5 0
0.5 0.5 0
0.5 0.5 0
0.5 0.5 0
0.5 0.5 0
0.5 0.5 0
0.5 0.5 0
0.5 0.5 0
0.5 0.5 0
0.5 0.5 0
0.5 0.5 0
0.5 0.5 0
0.5 0.5 0
0.5 0.5 0
0.5 0.5 0
0.5 0.5 0
0.5 0.5 0
0.5 0.5 0
0.5 0.5 0
0.5 0.5 0
0.5 0.5 0
0.5 0.5 0
0.5 0.5 0
0.5 0.5 0
0.5 0.5 0
0.5 0.5 0
0.5 0.5 0
0.5 0.5 0
0.5 0.5 0
0.5 0.5 0
0.5 0.5 0
0.5 0.5 0
0.5 0.5 0
0.5 0.5 0
0.5 0.5 0
0.5 0.5 0
0.5 0.5 0
0.5 0.5 0
0.5 0.5 0
0.5 0.5 0
0.5 0.5 0
0.5 0.5 0
0.5 0.5 0
</Weights>
            </BorderPart>
        </Border>
        <Border Name="FP.m" Red="1" Green="0" Blue="0">
            <BorderPart Closed="True">
                <Vertices>99001 99000 104644
104644 99000 104572
104572 99000 98999
104572 98999 104499
104572 104499 98999
104572 104500 104499
104573 104500 104572
104501 104500 104427
104501 104427 104500
104501 104428 104427
104502 104428 104501
104429 104428 104354
104429 104354 104428
104355 104354 104279
104355 104279 104354
104280 104279 104203
104280 104203 104279
104204 104203 104126
104204 104126 104203
104127 104126 104048
104127 104048 104126
104049 104048 103969
104049 103969 104048
103970 103969 103889
103970 103889 103969
103890 103889 103808
103890 103808 103889
103809 103808 103726
103809 103726 103808
103727 103726 103643
103727 103643 103726
103644 103643 103559
103644 103559 103643
103560 103559 103474
103560 103474 103559
103475 103474 103388
103475 103388 103474
103475 103389 103388
103476 103389 103475
103390 103389 103302
103390 103302 103389
103303 103302 103214
103303 103214 103302
103303 103215 103214
103304 103215 103303
103216 103215 103126
103216 103126 103215
103127 103126 103036
103127 103036 103126
103127 103037 103036
103128 103037 103127
103038 103037 102946
103038 102946 103037
103038 102947 102946
103039 102947 103038
103039 102948 102947
103039 103040 102948
103130 103040 103039
103131 103040 103130
103131 103041 103040
103131 103132 103041
103221 103132 103131
103221 103222 103132
103221 103310 103309
103309 103310 103221
103397 103310 103309
103397 103398 103310
103397 103484 103483
103483 103484 103397
103569 103484 103483
103569 103570 103484
103654 103570 103569
103654 103655 103570
103654 103738 103737
103737 103738 103654
103820 103738 103737
103820 103821 103738
103820 103902 103901
103901 103902 103820
103982 103902 103901
103982 103983 103902
103982 104062 104061
104061 104062 103982
104061 104140 104139
104139 104140 104061
104139 104217 104216
104216 104217 104139
104216 104293 104292
104292 104293 104216
104292 104368 104367
104367 104368 104292
104367 104442 104441
104441 104442 104367
104441 104515 104514
104514 104515 104441
104514 104587 104586
104586 104587 104514
104586 104658 104657
104657 104658 104586
104657 104728 104727
104727 104728 104657
104727 104797 104796
104796 104797 104727
104796 104865 104864
104864 104865 104796
104864 104932 104931
104931 104932 104864
104931 104998 104997
104997 104998 104931
104997 105063 105062
105062 105063 104997
105062 105127 105126
105126 105127 105062
105126 105190 105189
105126 105189 105125
105125 105189 105188
105188 105189 105125
105188 105251 105250
105250 105251 105188
105250 105312 105311
105311 105312 105250
105311 105372 105371
105311 105371 105310
105310 105371 105370
105370 105371 105310
105370 105430 99012
105370 99012 99011
99011 99012 105370
99011 139905 139904
99011 139904 99010
99010 139904 139903
139903 139904 99010
139903 140029 140028
139903 140028 139902
139902 140028 140027
140027 140028 139902
140027 140152 140151
140027 140151 140026
140026 140151 140150
140026 140150 140025
140026 140025 139900
139900 140025 139899
139899 140025 140024
139899 140024 139898
139899 139898 99005
99005 139898 99004
99004 139898 139897
99004 139897 99003
99003 139897 139896
99003 139896 99002
99002 139896 139895
99002 139895 99001
99001 139895 139894
99001 139894 99000
</Vertices>
                <Weights>0.5 0.5 0
0.5 0.5 0
0.5 0.5 0
0.5 0.5 0
0.5 0.5 0
0.5 0.5 0
0.5 0.5 0
0.5 0.5 0
0.5 0.5 0
0.5 0.5 0
0.5 0.5 0
0.5 0.5 0
0.5 0.5 0
0.5 0.5 0
0.5 0.5 0
0.5 0.5 0
0.5 0.5 0
0.5 0.5 0
0.5 0.5 0
0.5 0.5 0
0.5 0.5 0
0.5 0.5 0
0.5 0.5 0
0.5 0.5 0
0.5 0.5 0
0.5 0.5 0
0.5 0.5 0
0.5 0.5 0
0.5 0.5 0
0.5 0.5 0
0.5 0.5 0
0.5 0.5 0
0.5 0.5 0
0.5 0.5 0
0.5 0.5 0
0.5 0.5 0
0.5 0.5 0
0.5 0.5 0
0.5 0.5 0
0.5 0.5 0
0.5 0.5 0
0.5 0.5 0
0.5 0.5 0
0.5 0.5 0
0.5 0.5 0
0.5 0.5 0
0.5 0.5 0
0.5 0.5 0
0.5 0.5 0
0.5 0.5 0
0.5 0.5 0
0.5 0.5 0
0.5 0.5 0
0.5 0.5 0
0.5 0.5 0
0.5 0.5 0
0.5 0.5 0
0.5 0.5 0
0.5 0.5 0
0.5 0.5 0
0.5 0.5 0
0.5 0.5 0
0.5 0.5 0
0.5 0.5 0
0.5 0.5 0
0.5 0.5 0
0.5 0.5 0
0.5 0.5 0
0.5 0.5 0
0.5 0.5 0
0.5 0.5 0
0.5 0.5 0
0.5 0.5 0
0.5 0.5 0
0.5 0.5 0
0.5 0.5 0
0.5 0.5 0
0.5 0.5 0
0.5 0.5 0
0.5 0.5 0
0.5 0.5 0
0.5 0.5 0
0.5 0.5 0
0.5 0.5 0
0.5 0.5 0
0.5 0.5 0
0.5 0.5 0
0.5 0.5 0
0.5 0.5 0
0.5 0.5 0
0.5 0.5 0
0.5 0.5 0
0.5 0.5 0
0.5 0.5 0
0.5 0.5 0
0.5 0.5 0
0.5 0.5 0
0.5 0.5 0
0.5 0.5 0
0.5 0.5 0
0.5 0.5 0
0.5 0.5 0
0.5 0.5 0
0.5 0.5 0
0.5 0.5 0
0.5 0.5 0
0.5 0.5 0
0.5 0.5 0
0.5 0.5 0
0.5 0.5 0
0.5 0.5 0
0.5 0.5 0
0.5 0.5 0
0.5 0.5 0
0.5 0.5 0
0.5 0.5 0
0.5 0.5 0
0.5 0.5 0
0.5 0.5 0
0.5 0.5 0
0.5 0.5 0
0.5 0.5 0
0.5 0.5 0
0.5 0.5 0
0.5 0.5 0
0.5 0.5 0
0.5 0.5 0
0.5 0.5 0
0.5 0.5 0
0.5 0.5 0
0.5 0.5 0
0.5 0.5 0
0.5 0.5 0
0.5 0.5 0
0.5 0.5 0
0.5 0.5 0
0.5 0.5 0
0.5 0.5 0
0.5 0.5 0
0.5 0.5 0
0.5 0.5 0
0.5 0.5 0
0.5 0.5 0
0.5 0.5 0
0.5 0.5 0
0.5 0.5 0
0.5 0.5 0
0.5 0.5 0
0.5 0.5 0
0.5 0.5 0
0.5 0.5 0
0.5 0.5 0
0.5 0.5 0
0.5 0.5 0
</Weights>
            </BorderPart>
        </Border>
        <Border Name="FP.v" Red="0" Green="1" Blue="0">
            <BorderPart Closed="True">
                <Vertices>98984 98983 103284
103284 98983 103195
103284 103195 98983
103196 103195 103106
103196 103106 103195
103107 103106 103016
103107 103016 103106
103107 103017 103016
103108 103017 103107
103018 103017 102926
103018 102926 103017
102927 102926 102834
102927 102834 102926
102835 102834 102741
102835 102741 102834
102835 102742 102741
102836 102742 102835
102743 102742 102648
102743 102648 102742
102743 102649 102648
102744 102649 102743
102650 102649 102554
102650 102554 102649
102555 102554 102458
102555 102458 102554
102555 102459 102458
102556 102459 102555
102460 102459 102362
102460 102362 102459
102363 102362 102264
102363 102264 102362
102265 102264 102165
102265 102165 102264
102265 102166 102165
102266 102166 102265
102167 102166 102066
102167 102066 102166
102167 102067 102066
102168 102067 102167
102068 102067 101966
102068 101966 102067
102068 101967 101966
102069 101967 102068
101968 101967 101865
101968 101865 101967
101968 101866 101865
101969 101866 101968
101969 101867 101866
101970 101867 101969
101970 101868 101867
101970 101971 101868
102072 101971 101970
102073 101971 102072
102073 101972 101971
102073 102074 101972
102174 102074 102073
102175 102074 102174
102175 102075 102074
102175 102176 102075
102275 102176 102175
102276 102176 102275
102276 102177 102176
102276 102277 102177
102375 102277 102276
102375 102376 102277
102473 102376 102375
102473 102474 102376
102570 102474 102473
102570 102571 102474
102666 102571 102570
102666 102667 102571
102666 102761 102760
102760 102761 102666
102854 102761 102760
102854 102855 102761
102854 102947 102946
102946 102947 102854
102946 103038 103037
103037 103038 102946
103037 103128 103127
103037 103127 103036
103036 103127 103126
103126 103127 103036
103126 103216 103215
103215 103216 103126
103215 103304 103303
103215 103303 103214
103214 103303 103302
103302 103303 103214
103302 103390 103389
103389 103390 103302
103389 103476 103475
103389 103475 103388
103388 103475 103474
103474 103475 103388
103474 103560 103559
103559 103560 103474
103559 103644 103643
103643 103644 103559
103643 103727 103726
103726 103727 103643
103726 103809 103808
103808 103809 103726
103808 103890 103889
103889 103890 103808
103889 103970 103969
103969 103970 103889
103969 104049 104048
104048 104049 103969
104048 104127 104126
104126 104127 104048
104126 104204 104203
104203 104204 104126
104203 104280 104279
104279 104280 104203
104279 104355 104354
104354 104355 104279
104354 104429 104428
104428 104429 104354
104428 104502 104501
104428 104501 104427
104427 104501 104500
104500 104501 104427
104500 104573 104572
104500 104572 104499
104499 104572 98999
104499 98999 98998
104499 98998 104425
104425 98998 98997
104425 98997 104350
104350 98997 98996
104350 98996 104274
104274 98996 98995
104274 98995 104197
104197 98995 98994
104197 98994 104119
104119 98994 98993
104119 98993 104040
104119 104040 98993
104041 104040 103961
103961 104040 103960
103960 104040 98992
103960 98992 98991
103960 98991 103879
103879 98991 98990
103879 98990 103797
103797 98990 98989
98989 98990 103797
98989 139883 139882
98989 139882 98988
98988 139882 139881
98988 139881 98987
98987 139881 139880
98987 139880 98986
98986 139880 139879
139879 139880 98986
139879 140005 140004
139879 140004 139878
139878 140004 140003
139878 140003 139877
139878 139877 98984
98984 139877 98983
</Vertices>
                <Weights>0.5 0.5 0
0.5 0.5 0
0.5 0.5 0
0.5 0.5 0
0.5 0.5 0
0.5 0.5 0
0.5 0.5 0
0.5 0.5 0
0.5 0.5 0
0.5 0.5 0
0.5 0.5 0
0.5 0.5 0
0.5 0.5 0
0.5 0.5 0
0.5 0.5 0
0.5 0.5 0
0.5 0.5 0
0.5 0.5 0
0.5 0.5 0
0.5 0.5 0
0.5 0.5 0
0.5 0.5 0
0.5 0.5 0
0.5 0.5 0
0.5 0.5 0
0.5 0.5 0
0.5 0.5 0
0.5 0.5 0
0.5 0.5 0
0.5 0.5 0
0.5 0.5 0
0.5 0.5 0
0.5 0.5 0
0.5 0.5 0
0.5 0.5 0
0.5 0.5 0
0.5 0.5 0
0.5 0.5 0
0.5 0.5 0
0.5 0.5 0
0.5 0.5 0
0.5 0.5 0
0.5 0.5 0
0.5 0.5 0
0.5 0.5 0
0.5 0.5 0
0.5 0.5 0
0.5 0.5 0
0.5 0.5 0
0.5 0.5 0
0.5 0.5 0
0.5 0.5 0
0.5 0.5 0
0.5 0.5 0
0.5 0.5 0
0.5 0.5 0
0.5 0.5 0
0.5 0.5 0
0.5 0.5 0
0.5 0.5 0
0.5 0.5 0
0.5 0.5 0
0.5 0.5 0
0.5 0.5 0
0.5 0.5 0
0.5 0.5 0
0.5 0.5 0
0.5 0.5 0
0.5 0.5 0
0.5 0.5 0
0.5 0.5 0
0.5 0.5 0
0.5 0.5 0
0.5 0.5 0
0.5 0.5 0
0.5 0.5 0
0.5 0.5 0
0.5 0.5 0
0.5 0.5 0
0.5 0.5 0
0.5 0.5 0
0.5 0.5 0
0.5 0.5 0
0.5 0.5 0
0.5 0.5 0
0.5 0.5 0
0.5 0.5 0
0.5 0.5 0
0.5 0.5 0
0.5 0.5 0
0.5 0.5 0
0.5 0.5 0
0.5 0.5 0
0.5 0.5 0
0.5 0.5 0
0.5 0.5 0
0.5 0.5 0
0.5 0.5 0
0.5 0.5 0
0.5 0.5 0
0.5 0.5 0
0.5 0.5 0
0.5 0.5 0
0.5 0.5 0
0.5 0.5 0
0.5 0.5 0
0.5 0.5 0
0.5 0.5 0
0.5 0.5 0
0.5 0.5 0
0.5 0.5 0
0.5 0.5 0
0.5 0.5 0
0.5 0.5 0
0.5 0.5 0
0.5 0.5 0
0.5 0.5 0
0.5 0.5 0
0.5 0.5 0
0.5 0.5 0
0.5 0.5 0
0.5 0.5 0
0.5 0.5 0
0.5 0.5 0
0.5 0.5 0
0.5 0.5 0
0.5 0.5 0
0.5 0.5 0
0.5 0.5 0
0.5 0.5 0
0.5 0.5 0
0.5 0.5 0
0.5 0.5 0
0.5 0.5 0
0.5 0.5 0
0.5 0.5 0
0.5 0.5 0
0.5 0.5 0
0.5 0.5 0
0.5 0.5 0
0.5 0.5 0
0.5 0.5 0
0.5 0.5 0
0.5 0.5 0
0.5 0.5 0
0.5 0.5 0
0.5 0.5 0
0.5 0.5 0
0.5 0.5 0
0.5 0.5 0
0.5 0.5 0
0.5 0.5 0
0.5 0.5 0
0.5 0.5 0
0.5 0.5 0
0.5 0.5 0
0.5 0.5 0
0.5 0.5 0
0.5 0.5 0
0.5 0.5 0
0.5 0.5 0
0.5 0.5 0
</Weights>
            </BorderPart>
        </Border>
        <Border Name="SFG.rm" Red="0.619608" Green="0.27451" Blue="0.207843">
            <BorderPart Closed="True">
                <Vertices>141564 141451 141563
141564 141563 141451
141675 141563 141674
141674 141563 141562
141674 141562 141673
141674 141673 141562
141784 141673 141783
141783 141673 141672
141783 141672 141782
141783 141782 141672
141892 141782 141891
141892 141891 141782
142000 141891 141999
141999 141891 141890
141999 141890 141998
141999 141998 141890
142106 141998 142105
142106 142105 141998
142212 142105 142211
142211 142105 142104
142211 142104 142210
142211 142210 142104
142316 142210 142315
142316 142315 142210
142420 142315 142419
142420 142419 142315
142523 142419 142522
142522 142419 142418
142522 142418 142521
142522 142521 142418
142624 142521 142623
142624 142623 142521
142725 142623 142724
142725 142724 142623
142725 142825 142724
142826 142825 142725
142925 142825 142924
142925 142924 142825
142925 143023 142924
143024 143023 142925
143024 143121 143023
143122 143121 143024
143218 143121 143217
143218 143217 143121
143218 143313 143217
143314 143313 143218
143408 143313 143407
143408 143407 143313
143408 143501 143407
143502 143501 143408
143594 143501 143593
143594 143593 143501
143594 143685 143593
143686 143685 143594
143776 143685 143775
143776 143775 143685
143776 143865 143775
143866 143865 143776
143954 143865 143953
143954 143953 143865
143954 144041 143953
144042 144041 143954
144128 144041 144127
144128 144127 144041
144128 144213 144127
144128 144214 144213
144129 144214 144128
144215 144214 144129
144215 144299 144214
144215 144300 144299
144216 144300 144215
144216 144301 144300
144216 144217 144131
144131 144217 144216
144132 144217 144131
144132 144218 144217
144132 144133 144046
144046 144133 144132
144047 144133 144046
144047 144134 144133
144047 144048 143960
143960 144048 144047
143961 144048 143960
143961 144049 144048
143962 144049 143961
143962 144050 144049
143963 144050 143962
143963 144051 144050
143964 144051 143963
144052 144051 143964
144052 144138 144051
144052 144139 144138
144053 144139 144052
144140 144139 144053
144140 144225 144139
144140 144226 144225
144141 144226 144140
144227 144226 144141
144227 144311 144226
144227 144312 144311
144228 144312 144227
144228 144313 144312
144229 144313 144228
144229 144314 144313
144230 144314 144229
144230 144315 144314
144231 144315 144230
144231 144316 144315
144232 144316 144231
144232 144317 144316
144233 144317 144232
144233 144318 144317
144234 144318 144233
144319 144318 144234
144319 144402 144318
144319 144403 144402
144320 144403 144319
144320 144404 144403
144321 144404 144320
144321 144405 144404
144322 144405 144321
144322 144406 144405
144323 144406 144322
144323 144407 144406
144323 144324 144239
144323 144239 144238
144238 144239 144153
144153 144239 144238
144153 144154 144067
144153 144067 144066
144066 144067 143979
144066 143979 143978
143978 143979 143890
143978 143890 143889
143889 143890 143800
143889 143800 143799
143799 143800 143709
143709 143800 143799
143709 143710 143618
143709 143618 143617
143617 143618 143525
143525 143618 143617
143525 143526 143432
143525 143432 143431
143431 143432 143337
143337 143432 143431
143337 143338 143242
143337 143242 143241
143241 143242 143145
143145 143242 143241
143145 143146 143048
143145 143048 143047
143047 143048 142949
143047 142949 142948
142948 142949 142849
142849 142949 142948
142849 142850 142749
142849 142749 142748
142748 142749 142647
142647 142749 142748
142647 142648 142545
142647 142545 142544
142544 142545 142441
142441 142545 142544
142441 142442 142337
142441 142337 142336
142336 142337 142231
142336 142231 142230
142230 142231 142124
142230 142124 142123
142230 142123 142229
142229 142123 142122
142229 142122 142228
142228 142122 142121
142121 142122 142014
142121 142014 142013
142121 142013 142120
142120 142013 142012
142120 142012 142119
142119 142012 142011
142011 142012 141903
142011 141903 141902
142011 141902 142010
142010 141902 141901
141901 141902 141792
141901 141792 141791
141901 141791 141900
141900 141791 141790
141790 141791 141680
141790 141680 141679
141790 141679 141789
141789 141679 141678
141678 141679 141567
141678 141567 141566
141678 141566 141677
141677 141566 141565
141565 141566 141453
141565 141453 141452
141565 141452 141564
141564 141452 141451
</Vertices>
                <Weights>0.5 0.5 0
0.5 0.5 0
0.5 0.5 0
0.5 0.5 0
0.5 0.5 0
0.5 0.5 0
0.5 0.5 0
0.5 0.5 0
0.5 0.5 0
0.5 0.5 0
0.5 0.5 0
0.5 0.5 0
0.5 0.5 0
0.5 0.5 0
0.5 0.5 0
0.5 0.5 0
0.5 0.5 0
0.5 0.5 0
0.5 0.5 0
0.5 0.5 0
0.5 0.5 0
0.5 0.5 0
0.5 0.5 0
0.5 0.5 0
0.5 0.5 0
0.5 0.5 0
0.5 0.5 0
0.5 0.5 0
0.5 0.5 0
0.5 0.5 0
0.5 0.5 0
0.5 0.5 0
0.5 0.5 0
0.5 0.5 0
0.5 0.5 0
0.5 0.5 0
0.5 0.5 0
0.5 0.5 0
0.5 0.5 0
0.5 0.5 0
0.5 0.5 0
0.5 0.5 0
0.5 0.5 0
0.5 0.5 0
0.5 0.5 0
0.5 0.5 0
0.5 0.5 0
0.5 0.5 0
0.5 0.5 0
0.5 0.5 0
0.5 0.5 0
0.5 0.5 0
0.5 0.5 0
0.5 0.5 0
0.5 0.5 0
0.5 0.5 0
0.5 0.5 0
0.5 0.5 0
0.5 0.5 0
0.5 0.5 0
0.5 0.5 0
0.5 0.5 0
0.5 0.5 0
0.5 0.5 0
0.5 0.5 0
0.5 0.5 0
0.5 0.5 0
0.5 0.5 0
0.5 0.5 0
0.5 0.5 0
0.5 0.5 0
0.5 0.5 0
0.5 0.5 0
0.5 0.5 0
0.5 0.5 0
0.5 0.5 0
0.5 0.5 0
0.5 0.5 0
0.5 0.5 0
0.5 0.5 0
0.5 0.5 0
0.5 0.5 0
0.5 0.5 0
0.5 0.5 0
0.5 0.5 0
0.5 0.5 0
0.5 0.5 0
0.5 0.5 0
0.5 0.5 0
0.5 0.5 0
0.5 0.5 0
0.5 0.5 0
0.5 0.5 0
0.5 0.5 0
0.5 0.5 0
0.5 0.5 0
0.5 0.5 0
0.5 0.5 0
0.5 0.5 0
0.5 0.5 0
0.5 0.5 0
0.5 0.5 0
0.5 0.5 0
0.5 0.5 0
0.5 0.5 0
0.5 0.5 0
0.5 0.5 0
0.5 0.5 0
0.5 0.5 0
0.5 0.5 0
0.5 0.5 0
0.5 0.5 0
0.5 0.5 0
0.5 0.5 0
0.5 0.5 0
0.5 0.5 0
0.5 0.5 0
0.5 0.5 0
0.5 0.5 0
0.5 0.5 0
0.5 0.5 0
0.5 0.5 0
0.5 0.5 0
0.5 0.5 0
0.5 0.5 0
0.5 0.5 0
0.5 0.5 0
0.5 0.5 0
0.5 0.5 0
0.5 0.5 0
0.5 0.5 0
0.5 0.5 0
0.5 0.5 0
0.5 0.5 0
0.5 0.5 0
0.5 0.5 0
0.5 0.5 0
0.5 0.5 0
0.5 0.5 0
0.5 0.5 0
0.5 0.5 0
0.5 0.5 0
0.5 0.5 0
0.5 0.5 0
0.5 0.5 0
0.5 0.5 0
0.5 0.5 0
0.5 0.5 0
0.5 0.5 0
0.5 0.5 0
0.5 0.5 0
0.5 0.5 0
0.5 0.5 0
0.5 0.5 0
0.5 0.5 0
0.5 0.5 0
0.5 0.5 0
0.5 0.5 0
0.5 0.5 0
0.5 0.5 0
0.5 0.5 0
0.5 0.5 0
0.5 0.5 0
0.5 0.5 0
0.5 0.5 0
0.5 0.5 0
0.5 0.5 0
0.5 0.5 0
0.5 0.5 0
0.5 0.5 0
0.5 0.5 0
0.5 0.5 0
0.5 0.5 0
0.5 0.5 0
0.5 0.5 0
0.5 0.5 0
0.5 0.5 0
0.5 0.5 0
0.5 0.5 0
0.5 0.5 0
0.5 0.5 0
0.5 0.5 0
0.5 0.5 0
0.5 0.5 0
0.5 0.5 0
0.5 0.5 0
0.5 0.5 0
0.5 0.5 0
0.5 0.5 0
0.5 0.5 0
0.5 0.5 0
0.5 0.5 0
0.5 0.5 0
0.5 0.5 0
0.5 0.5 0
0.5 0.5 0
0.5 0.5 0
0.5 0.5 0
0.5 0.5 0
0.5 0.5 0
</Weights>
            </BorderPart>
        </Border>
        <Border Name="SFG.cm" Red="0" Green="0.552941" Blue="1">
            <BorderPart Closed="True">
                <Vertices>144048 143960 144047
144048 144047 143960
144134 144047 144133
144133 144047 144046
144133 144046 144132
144133 144132 144046
144218 144132 144217
144217 144132 144131
144217 144131 144216
144217 144216 144131
144301 144216 144300
144301 144300 144216
144384 144300 144383
144384 144383 144300
144384 144466 144383
144467 144466 144384
144548 144466 144547
144548 144547 144466
144548 144628 144547
144629 144628 144548
144708 144628 144707
144708 144707 144628
144786 144707 144785
144786 144785 144707
144786 144863 144785
144864 144863 144786
144940 144863 144939
144940 144939 144863
144940 145015 144939
145016 145015 144940
145016 145090 145015
145091 145090 145016
145091 145164 145090
145165 145164 145091
145165 145237 145164
145238 145237 145165
145238 145309 145237
145310 145309 145238
145310 145380 145309
145381 145380 145310
145381 145450 145380
145451 145450 145381
145451 145519 145450
145520 145519 145451
145520 145587 145519
145588 145587 145520
145654 145587 145653
145654 145653 145587
145654 145719 145653
145720 145719 145654
145720 145784 145719
145720 145785 145784
145721 145785 145720
145721 145786 145785
145722 145786 145721
145722 145787 145786
145723 145787 145722
145723 145788 145787
145724 145788 145723
145724 145789 145788
145725 145789 145724
145725 145790 145789
145726 145790 145725
145726 145791 145790
145727 145791 145726
145727 145792 145791
145727 145728 145662
145662 145728 145727
145663 145728 145662
145663 145729 145728
145664 145729 145663
145664 145730 145729
145664 145665 145598
145598 145665 145664
145599 145665 145598
145599 145666 145665
145600 145666 145599
145600 145667 145666
145601 145667 145600
145601 145668 145667
145601 145602 145534
145534 145602 145601
145535 145602 145534
145535 145603 145602
145536 145603 145535
145536 145604 145603
145536 145537 145468
145468 145537 145536
145469 145537 145468
145469 145538 145537
145469 145470 145400
145400 145470 145469
145401 145470 145400
145401 145471 145470
145401 145402 145331
145331 145402 145401
145332 145402 145331
145332 145403 145402
145333 145403 145332
145333 145404 145403
145333 145334 145262
145262 145334 145333
145262 145263 145190
145190 145263 145262
145190 145191 145117
145117 145191 145190
145117 145118 145043
145043 145118 145117
145043 145044 144968
144968 145044 145043
144968 144969 144892
144892 144969 144968
144892 144893 144815
144892 144815 144814
144814 144815 144736
144814 144736 144735
144735 144736 144656
144735 144656 144655
144735 144655 144734
144734 144655 144654
144654 144655 144574
144654 144574 144573
144573 144574 144492
144573 144492 144491
144491 144492 144409
144491 144409 144408
144491 144408 144490
144490 144408 144407
144407 144408 144324
144407 144324 144323
144407 144323 144406
144406 144323 144322
144406 144322 144405
144405 144322 144321
144405 144321 144404
144404 144321 144320
144404 144320 144403
144403 144320 144319
144403 144319 144402
144402 144319 144318
144318 144319 144234
144318 144234 144233
144318 144233 144317
144317 144233 144232
144317 144232 144316
144316 144232 144231
144316 144231 144315
144315 144231 144230
144315 144230 144314
144314 144230 144229
144314 144229 144313
144313 144229 144228
144313 144228 144312
144312 144228 144227
144312 144227 144311
144311 144227 144226
144226 144227 144141
144226 144141 144140
144226 144140 144225
144225 144140 144139
144139 144140 144053
144139 144053 144052
144139 144052 144138
144138 144052 144051
144051 144052 143964
144051 143964 143963
144051 143963 144050
144050 143963 143962
144050 143962 144049
144049 143962 143961
144049 143961 144048
144048 143961 143960
</Vertices>
                <Weights>0.5 0.5 0
0.5 0.5 0
0.5 0.5 0
0.5 0.5 0
0.5 0.5 0
0.5 0.5 0
0.5 0.5 0
0.5 0.5 0
0.5 0.5 0
0.5 0.5 0
0.5 0.5 0
0.5 0.5 0
0.5 0.5 0
0.5 0.5 0
0.5 0.5 0
0.5 0.5 0
0.5 0.5 0
0.5 0.5 0
0.5 0.5 0
0.5 0.5 0
0.5 0.5 0
0.5 0.5 0
0.5 0.5 0
0.5 0.5 0
0.5 0.5 0
0.5 0.5 0
0.5 0.5 0
0.5 0.5 0
0.5 0.5 0
0.5 0.5 0
0.5 0.5 0
0.5 0.5 0
0.5 0.5 0
0.5 0.5 0
0.5 0.5 0
0.5 0.5 0
0.5 0.5 0
0.5 0.5 0
0.5 0.5 0
0.5 0.5 0
0.5 0.5 0
0.5 0.5 0
0.5 0.5 0
0.5 0.5 0
0.5 0.5 0
0.5 0.5 0
0.5 0.5 0
0.5 0.5 0
0.5 0.5 0
0.5 0.5 0
0.5 0.5 0
0.5 0.5 0
0.5 0.5 0
0.5 0.5 0
0.5 0.5 0
0.5 0.5 0
0.5 0.5 0
0.5 0.5 0
0.5 0.5 0
0.5 0.5 0
0.5 0.5 0
0.5 0.5 0
0.5 0.5 0
0.5 0.5 0
0.5 0.5 0
0.5 0.5 0
0.5 0.5 0
0.5 0.5 0
0.5 0.5 0
0.5 0.5 0
0.5 0.5 0
0.5 0.5 0
0.5 0.5 0
0.5 0.5 0
0.5 0.5 0
0.5 0.5 0
0.5 0.5 0
0.5 0.5 0
0.5 0.5 0
0.5 0.5 0
0.5 0.5 0
0.5 0.5 0
0.5 0.5 0
0.5 0.5 0
0.5 0.5 0
0.5 0.5 0
0.5 0.5 0
0.5 0.5 0
0.5 0.5 0
0.5 0.5 0
0.5 0.5 0
0.5 0.5 0
0.5 0.5 0
0.5 0.5 0
0.5 0.5 0
0.5 0.5 0
0.5 0.5 0
0.5 0.5 0
0.5 0.5 0
0.5 0.5 0
0.5 0.5 0
0.5 0.5 0
0.5 0.5 0
0.5 0.5 0
0.5 0.5 0
0.5 0.5 0
0.5 0.5 0
0.5 0.5 0
0.5 0.5 0
0.5 0.5 0
0.5 0.5 0
0.5 0.5 0
0.5 0.5 0
0.5 0.5 0
0.5 0.5 0
0.5 0.5 0
0.5 0.5 0
0.5 0.5 0
0.5 0.5 0
0.5 0.5 0
0.5 0.5 0
0.5 0.5 0
0.5 0.5 0
0.5 0.5 0
0.5 0.5 0
0.5 0.5 0
0.5 0.5 0
0.5 0.5 0
0.5 0.5 0
0.5 0.5 0
0.5 0.5 0
0.5 0.5 0
0.5 0.5 0
0.5 0.5 0
0.5 0.5 0
0.5 0.5 0
0.5 0.5 0
0.5 0.5 0
0.5 0.5 0
0.5 0.5 0
0.5 0.5 0
0.5 0.5 0
0.5 0.5 0
0.5 0.5 0
0.5 0.5 0
0.5 0.5 0
0.5 0.5 0
0.5 0.5 0
0.5 0.5 0
0.5 0.5 0
0.5 0.5 0
0.5 0.5 0
0.5 0.5 0
0.5 0.5 0
0.5 0.5 0
0.5 0.5 0
0.5 0.5 0
0.5 0.5 0
0.5 0.5 0
0.5 0.5 0
0.5 0.5 0
0.5 0.5 0
0.5 0.5 0
0.5 0.5 0
0.5 0.5 0
0.5 0.5 0
0.5 0.5 0
0.5 0.5 0
0.5 0.5 0
0.5 0.5 0
0.5 0.5 0
0.5 0.5 0
</Weights>
            </BorderPart>
        </Border>
        <Border Name="SFG.r" Red="1" Green="0.482353" Blue="0.862745">
            <BorderPart Closed="True">
                <Vertices>98964 98963 101314
98964 101314 98963
98964 101422 101314
98965 101422 98964
98965 101529 101422
98966 101529 98965
98966 101635 101529
98967 101635 98966
98967 101740 101635
98968 101740 98967
98968 101844 101740
98969 101844 98968
98969 101947 101844
98970 101947 98969
98970 102049 101947
98971 102049 98970
102150 102049 98971
102150 102050 102049
102150 102151 102050
102250 102151 102150
102251 102151 102250
102251 102152 102151
102251 102252 102152
102350 102252 102251
102351 102252 102350
102351 102253 102252
102352 102253 102351
102352 102254 102253
102352 102353 102254
102450 102353 102352
102451 102353 102450
102451 102354 102353
102451 102452 102354
102548 102452 102451
102549 102452 102548
102549 102453 102452
102549 102550 102453
102645 102550 102549
102645 102646 102550
102740 102646 102645
102741 102646 102740
102741 102647 102646
102741 102742 102647
102741 102835 102834
102834 102835 102741
102834 102927 102926
102926 102927 102834
102926 103018 103017
103017 103018 102926
103017 103108 103107
103017 103107 103016
103016 103107 103106
103106 103107 103016
103106 103196 103195
103195 103196 103106
103195 103284 98983
98983 103284 103195
98983 98984 103284
139877 98984 98983
139877 139878 98984
139877 140003 140002
140002 140003 139877
140002 140127 140126
140126 140127 140002
140126 140250 140249
140249 140250 140126
140249 140372 140371
140371 140372 140249
140371 140493 140492
140492 140493 140371
140492 140613 140612
140612 140613 140492
140732 140613 140612
140732 140733 140613
140732 140851 140850
140850 140851 140732
140968 140851 140850
140968 140969 140851
140968 141085 141084
141084 141085 140968
141200 141085 141084
141200 141201 141085
141315 141201 141200
141315 141316 141201
141429 141316 141315
141429 141430 141316
141542 141430 141429
141542 141543 141430
141654 141543 141542
141654 141655 141543
141765 141655 141654
141765 141766 141655
141765 141875 141874
141874 141875 141765
141983 141875 141874
141983 141984 141875
141983 142091 142090
141983 142090 141982
141982 142090 142089
141982 142089 141981
141981 142089 142088
141981 142088 141980
141980 142088 142087
141980 142087 141979
141979 142087 142086
141979 142086 141978
141978 142086 142085
141978 142085 141977
141978 141977 141869
141869 141977 141868
141868 141977 141976
141868 141976 141867
141867 141976 141975
141867 141975 141866
141866 141975 141974
141866 141974 141865
141865 141974 141973
141865 141973 141864
141864 141973 141972
141864 141972 141863
141864 141863 141754
141754 141863 141753
141753 141863 141862
141753 141862 141752
141753 141752 141642
141642 141752 141641
141641 141752 141751
141641 141751 141640
141641 141640 141529
141529 141640 141528
141529 141528 141416
141416 141528 141415
141416 141415 141302
141302 141415 141301
141301 141415 141414
141301 141414 141300
141301 141300 141186
141186 141300 141185
141186 141185 141070
141070 141185 141069
141069 141185 141184
141069 141184 141068
141069 141068 140952
141069 140952 141068
140953 140952 140835
140835 140952 140834
140835 140834 140716
140716 140834 140715
140716 140715 140596
140716 140596 140715
140597 140596 140476
140476 140596 140475
140476 140475 140354
140476 140354 140475
140355 140354 140232
140232 140354 140231
140232 140231 140108
140108 140231 140107
140108 140107 139983
140108 139983 140107
139984 139983 139858
139858 139983 139857
139858 139857 98964
98964 139857 98963
</Vertices>
                <Weights>0.5 0.5 0
0.5 0.5 0
0.5 0.5 0
0.5 0.5 0
0.5 0.5 0
0.5 0.5 0
0.5 0.5 0
0.5 0.5 0
0.5 0.5 0
0.5 0.5 0
0.5 0.5 0
0.5 0.5 0
0.5 0.5 0
0.5 0.5 0
0.5 0.5 0
0.5 0.5 0
0.5 0.5 0
0.5 0.5 0
0.5 0.5 0
0.5 0.5 0
0.5 0.5 0
0.5 0.5 0
0.5 0.5 0
0.5 0.5 0
0.5 0.5 0
0.5 0.5 0
0.5 0.5 0
0.5 0.5 0
0.5 0.5 0
0.5 0.5 0
0.5 0.5 0
0.5 0.5 0
0.5 0.5 0
0.5 0.5 0
0.5 0.5 0
0.5 0.5 0
0.5 0.5 0
0.5 0.5 0
0.5 0.5 0
0.5 0.5 0
0.5 0.5 0
0.5 0.5 0
0.5 0.5 0
0.5 0.5 0
0.5 0.5 0
0.5 0.5 0
0.5 0.5 0
0.5 0.5 0
0.5 0.5 0
0.5 0.5 0
0.5 0.5 0
0.5 0.5 0
0.5 0.5 0
0.5 0.5 0
0.5 0.5 0
0.5 0.5 0
0.5 0.5 0
0.5 0.5 0
0.5 0.5 0
0.5 0.5 0
0.5 0.5 0
0.5 0.5 0
0.5 0.5 0
0.5 0.5 0
0.5 0.5 0
0.5 0.5 0
0.5 0.5 0
0.5 0.5 0
0.5 0.5 0
0.5 0.5 0
0.5 0.5 0
0.5 0.5 0
0.5 0.5 0
0.5 0.5 0
0.5 0.5 0
0.5 0.5 0
0.5 0.5 0
0.5 0.5 0
0.5 0.5 0
0.5 0.5 0
0.5 0.5 0
0.5 0.5 0
0.5 0.5 0
0.5 0.5 0
0.5 0.5 0
0.5 0.5 0
0.5 0.5 0
0.5 0.5 0
0.5 0.5 0
0.5 0.5 0
0.5 0.5 0
0.5 0.5 0
0.5 0.5 0
0.5 0.5 0
0.5 0.5 0
0.5 0.5 0
0.5 0.5 0
0.5 0.5 0
0.5 0.5 0
0.5 0.5 0
0.5 0.5 0
0.5 0.5 0
0.5 0.5 0
0.5 0.5 0
0.5 0.5 0
0.5 0.5 0
0.5 0.5 0
0.5 0.5 0
0.5 0.5 0
0.5 0.5 0
0.5 0.5 0
0.5 0.5 0
0.5 0.5 0
0.5 0.5 0
0.5 0.5 0
0.5 0.5 0
0.5 0.5 0
0.5 0.5 0
0.5 0.5 0
0.5 0.5 0
0.5 0.5 0
0.5 0.5 0
0.5 0.5 0
0.5 0.5 0
0.5 0.5 0
0.5 0.5 0
0.5 0.5 0
0.5 0.5 0
0.5 0.5 0
0.5 0.5 0
0.5 0.5 0
0.5 0.5 0
0.5 0.5 0
0.5 0.5 0
0.5 0.5 0
0.5 0.5 0
0.5 0.5 0
0.5 0.5 0
0.5 0.5 0
0.5 0.5 0
0.5 0.5 0
0.5 0.5 0
0.5 0.5 0
0.5 0.5 0
0.5 0.5 0
0.5 0.5 0
0.5 0.5 0
0.5 0.5 0
0.5 0.5 0
0.5 0.5 0
0.5 0.5 0
0.5 0.5 0
0.5 0.5 0
0.5 0.5 0
0.5 0.5 0
0.5 0.5 0
0.5 0.5 0
0.5 0.5 0
0.5 0.5 0
0.5 0.5 0
0.5 0.5 0
0.5 0.5 0
0.5 0.5 0
0.5 0.5 0
</Weights>
            </BorderPart>
        </Border>
        <Border Name="SFG.ri" Red="0" Green="0.964706" Blue="1">
            <BorderPart Closed="True">
                <Vertices>98950 98949 99697
98950 99697 98949
98950 99819 99697
98951 99819 98950
99940 99819 98951
99940 99820 99819
99940 99941 99820
100060 99941 99940
100060 100061 99941
100179 100061 100060
100179 100180 100061
100297 100180 100179
100297 100298 100180
100297 100414 98955
98955 100414 100297
98956 100414 98955
98956 100530 100414
98957 100530 98956
98957 100645 100530
98958 100645 98957
98958 100759 100645
98959 100759 98958
98959 100872 100759
98960 100872 98959
98960 100984 100872
98961 100984 98960
98961 101095 100984
98962 101095 98961
101205 101095 98962
101205 101096 101095
101205 101206 101096
101205 101314 98963
98963 101314 101205
98963 98964 101314
139857 98964 98963
139857 139858 98964
139983 139858 139857
139983 139984 139858
139983 140108 140107
140107 140108 139983
140231 140108 140107
140231 140232 140108
140354 140232 140231
140354 140355 140232
140354 140476 140475
140475 140476 140354
140596 140476 140475
140596 140597 140476
140596 140716 140715
140715 140716 140596
140834 140716 140715
140834 140835 140716
140952 140835 140834
140952 140953 140835
140952 141069 141068
141068 141069 140952
141184 141069 141068
141185 141069 141184
141185 141070 141069
141185 141186 141070
141300 141186 141185
141300 141301 141186
141414 141301 141300
141415 141301 141414
141415 141302 141301
141415 141416 141302
141528 141416 141415
141528 141529 141416
141640 141529 141528
141640 141641 141529
141751 141641 141640
141752 141641 141751
141752 141642 141641
141752 141753 141642
141862 141753 141752
141863 141753 141862
141863 141754 141753
141863 141864 141754
141972 141864 141863
141973 141864 141972
141973 141865 141864
141974 141865 141973
141974 141866 141865
141975 141866 141974
141975 141867 141866
141976 141867 141975
141976 141868 141867
141977 141868 141976
141977 141869 141868
141977 141978 141869
142085 141978 141977
142086 141978 142085
142086 141979 141978
142087 141979 142086
142087 141980 141979
142088 141980 142087
142088 141981 141980
142089 141981 142088
142089 141982 141981
142090 141982 142089
142090 141983 141982
142091 141983 142090
142091 141984 141983
142092 141984 142091
142092 141985 141984
142093 141985 142092
142093 141986 141985
142093 142094 141986
142200 142094 142093
142201 142094 142200
142201 142095 142094
142201 142202 142095
142307 142202 142201
142308 142202 142307
142308 142203 142202
142308 142309 142203
142413 142309 142308
142413 142414 142309
142517 142414 142413
142518 142414 142517
142518 142415 142414
142518 142519 142415
142621 142519 142518
142622 142519 142621
142622 142520 142519
142622 142623 142520
142724 142623 142622
142724 142725 142623
142825 142725 142724
142825 142826 142725
142825 142925 142924
142924 142925 142825
143023 142925 142924
143023 143024 142925
143121 143024 143023
143121 143122 143024
143121 143218 143217
143217 143218 143121
143313 143218 143217
143313 143314 143218
143313 143408 143407
143407 143408 143313
143501 143408 143407
143501 143502 143408
143501 143594 143593
143593 143594 143501
143685 143594 143593
143685 143686 143594
143685 143776 143775
143775 143776 143685
143865 143776 143775
143865 143866 143776
143865 143954 143953
143953 143954 143865
144041 143954 143953
144041 144042 143954
144041 144128 144127
144127 144128 144041
144127 144213 144212
144127 144212 144126
144126 144212 144211
144126 144211 144125
144125 144211 144210
144125 144210 144124
144124 144210 144209
144124 144209 144123
144123 144209 144208
144123 144208 144122
144122 144208 144207
144122 144207 144121
144121 144207 144206
144121 144206 144120
144120 144206 144205
144120 144205 144119
144119 144205 144204
144119 144204 144118
144118 144204 144203
144118 144203 144117
144117 144203 144202
144117 144202 144116
144117 144116 144030
144030 144116 144029
144029 144116 144115
144029 144115 144028
144028 144115 144114
144028 144114 144027
144027 144114 144113
144027 144113 144026
144027 144026 143939
143939 144026 143938
143938 144026 144025
143938 144025 143937
143938 143937 143849
143849 143937 143848
143848 143937 143936
143848 143936 143847
143848 143847 143758
143758 143847 143757
143758 143757 143667
143667 143757 143666
143666 143757 143756
143666 143756 143665
143666 143665 143574
143574 143665 143573
143574 143573 143481
143481 143573 143480
143480 143573 143572
143480 143572 143479
143480 143479 143386
143386 143479 143385
143386 143385 143291
143291 143385 143290
143290 143385 143384
143290 143384 143289
143290 143289 143194
143194 143289 143193
143194 143193 143097
143097 143193 143096
143096 143193 143192
143096 143192 143095
143096 143095 142998
142998 143095 142997
142998 142997 142899
142899 142997 142898
142898 142997 142996
142898 142996 142897
142898 142897 142798
142798 142897 142797
142798 142797 142697
142697 142797 142696
142696 142797 142796
142696 142796 142695
142696 142695 142594
142594 142695 142593
142594 142593 142491
142491 142593 142490
142490 142593 142592
142490 142592 142489
142490 142489 142386
142386 142489 142385
142386 142385 142281
142281 142385 142280
142281 142280 142175
