<?xml version="1.0" encoding="UTF-8"?>
<BorderFile Version="3" Structure="CORTEX_RIGHT" SurfaceNumberOfVertices="32492">
    <MetaData>
        <MD>
            <Name>ParentProvenance</Name>
            <Value>sym_surface/0.3mm/fsaverage_LR32k/civm.R.white.32k_fs_LR.surf.gii:
/mnt/d/Ubuntu18.04/rootfs/home/luyuheng/local/workbench-1.4.2/bin_linux64/../exe_linux64/wb_command -surface-apply-affine /mnt/e/CASIA/NeuroData/BNA_Macaque/Macaque_Brainnetome_ROIs/surf_ver4.1/symmetry_surface/fsaverage_LR32k/civm.R.white.32k_fs_LR.surf.gii acpc2tem.mat /mnt/e/CASIA/NeuroData/BNA_Macaque/Macaque_Brainnetome_ROIs/surf_ver4.1/symmetry_surface/0.3mm/fsaverage_LR32k/civm.R.white.32k_fs_LR.surf.gii -flirt ./T2w_acpc_dc.nii.gz ./Template.nii.gz

group_8_addup124_32k_R.label.gii:
/mnt/d/Ubuntu18.04/rootfs/home/luyuheng/local/workbench-1.4.2/bin_linux64/../exe_linux64/wb_command -metric-label-import group_8_addup124_32k_R.label.gii BN_Macaque_Atlas_LUT124.txt group_8_addup124_32k_R.label.gii

</Value>
        </MD>
        <MD>
            <Name>ProgramProvenance</Name>
            <Value>Connectome Workbench
Type: Command Line Application
Version: 1.4.2
Qt Compiled Version: 5.7.0
Qt Runtime Version: 5.7.0
Commit: 092b7f2f7dfab0f9ea7cbb6c1db2e5dffd2c1045
Commit Date: 2020-01-07 17:24:23 -0600
Compiled with OpenMP: YES
Compiler: g++ (/home/caret/gcc/install/gcc-4.8.5/bin)
Compiler Version: 4.8.5
Compiled Debug: NO
Operating System: Linux
</Value>
        </MD>
        <MD>
            <Name>Provenance</Name>
            <Value>/mnt/d/Ubuntu18.04/rootfs/home/luyuheng/local/workbench-1.4.2/bin_linux64/../exe_linux64/wb_command -label-to-border sym_surface/0.3mm/fsaverage_LR32k/civm.R.white.32k_fs_LR.surf.gii group_8_addup124_32k_R.label.gii group_8_addup124_32k_R.border -placement 0.5</Value>
        </MD>
        <MD>
            <Name>WorkingDirectory</Name>
            <Value>/mnt/e/CASIA/NeuroData/BNA_Macaque/final_results/foruse_LR124</Value>
        </MD>
    </MetaData>
    <Class Name="#1" Red="0" Green="0" Blue="0">
        <Border Name="FP.d" Red="0" Green="0" Blue="1">
            <BorderPart Closed="True">
                <Vertices>28056 28003 28055
28056 28055 28003
28107 28055 28106
28106 28055 28054
28106 28054 28105
28105 28054 28053
28105 28053 28104
28105 28104 28053
28155 28104 28154
28155 28154 28104
28204 28154 28203
28204 28203 28154
28252 28203 28251
28252 28251 28203
28252 28299 28251
28300 28299 28252
28346 28299 28345
28346 28345 28299
28346 28391 28345
28392 28391 28346
28392 28436 28391
28437 28436 28392
28437 28480 28436
28481 28480 28437
28523 28480 28522
28523 28522 28480
28523 28564 28522
28565 28564 28523
28565 28605 28564
28565 28606 28605
28566 28606 28565
28607 28606 28566
28607 28646 28606
28607 28647 28646
28608 28647 28607
28608 28648 28647
28609 28648 28608
28609 28649 28648
28609 28610 28569
28569 28610 28609
28569 28570 28528
28528 28570 28569
28529 28570 28528
28529 28571 28570
28529 28530 28487
28487 28530 28529
28487 28488 28444
28444 28488 28487
28445 28488 28444
28445 28489 28488
28445 28446 28401
28401 28446 28445
28401 28402 28356
28356 28402 28401
28356 28357 28310
28310 28357 28356
28310 28311 28263
28310 28263 28262
28262 28263 28214
28262 28214 28213
28262 28213 28261
28261 28213 28212
28261 28212 28260
28260 28212 28211
28211 28212 28162
28211 28162 28161
28161 28162 28111
28161 28111 28110
28110 28111 28059
28110 28059 28058
28058 28059 28006
28058 28006 28005
28058 28005 28057
28057 28005 28004
28057 28004 28056
28056 28004 28003
</Vertices>
                <Weights>0.5 0.5 0
0.5 0.5 0
0.5 0.5 0
0.5 0.5 0
0.5 0.5 0
0.5 0.5 0
0.5 0.5 0
0.5 0.5 0
0.5 0.5 0
0.5 0.5 0
0.5 0.5 0
0.5 0.5 0
0.5 0.5 0
0.5 0.5 0
0.5 0.5 0
0.5 0.5 0
0.5 0.5 0
0.5 0.5 0
0.5 0.5 0
0.5 0.5 0
0.5 0.5 0
0.5 0.5 0
0.5 0.5 0
0.5 0.5 0
0.5 0.5 0
0.5 0.5 0
0.5 0.5 0
0.5 0.5 0
0.5 0.5 0
0.5 0.5 0
0.5 0.5 0
0.5 0.5 0
0.5 0.5 0
0.5 0.5 0
0.5 0.5 0
0.5 0.5 0
0.5 0.5 0
0.5 0.5 0
0.5 0.5 0
0.5 0.5 0
0.5 0.5 0
0.5 0.5 0
0.5 0.5 0
0.5 0.5 0
0.5 0.5 0
0.5 0.5 0
0.5 0.5 0
0.5 0.5 0
0.5 0.5 0
0.5 0.5 0
0.5 0.5 0
0.5 0.5 0
0.5 0.5 0
0.5 0.5 0
0.5 0.5 0
0.5 0.5 0
0.5 0.5 0
0.5 0.5 0
0.5 0.5 0
0.5 0.5 0
0.5 0.5 0
0.5 0.5 0
0.5 0.5 0
0.5 0.5 0
0.5 0.5 0
0.5 0.5 0
0.5 0.5 0
0.5 0.5 0
0.5 0.5 0
0.5 0.5 0
0.5 0.5 0
0.5 0.5 0
0.5 0.5 0
0.5 0.5 0
0.5 0.5 0
0.5 0.5 0
</Weights>
            </BorderPart>
        </Border>
        <Border Name="FP.m" Red="1" Green="0" Blue="0">
            <BorderPart Closed="True">
                <Vertices>19809 19808 21054
21054 19808 21026
21054 21026 19808
21054 21027 21026
21055 21027 21054
21028 21027 20999
21028 20999 21027
21028 21000 20999
21029 21000 21028
21001 21000 20971
21001 20971 21000
21001 20972 20971
21001 21002 20972
21030 21002 21001
21030 21031 21002
21030 21058 21057
21057 21058 21030
21057 21084 21083
21083 21084 21057
21083 21109 21108
21108 21109 21083
21108 21133 21132
21132 21133 21108
21132 21156 19812
19812 21156 21132
19812 19813 21156
27904 19813 19812
27904 27905 19813
27904 27959 27958
27958 27959 27904
28012 27959 27958
28012 28013 27959
28065 28013 28012
28065 28066 28013
28065 28117 28116
28116 28117 28065
28116 28167 28166
28166 28167 28116
28166 28216 28215
28215 28216 28166
28215 28264 28263
28215 28263 28214
28214 28263 28262
28214 28262 28213
28213 28262 28261
28213 28261 28212
28212 28261 28260
28212 28260 28211
28212 28211 28162
28162 28211 28161
28162 28161 28111
28111 28161 28110
28111 28110 28059
28059 28110 28058
28059 28058 28006
28006 28058 28005
28006 28005 27952
28006 27952 28005
27953 27952 27898
27953 27898 27952
27953 27899 27898
27954 27899 27953
27900 27899 19808
27900 19808 27899
</Vertices>
                <Weights>0.5 0.5 0
0.5 0.5 0
0.5 0.5 0
0.5 0.5 0
0.5 0.5 0
0.5 0.5 0
0.5 0.5 0
0.5 0.5 0
0.5 0.5 0
0.5 0.5 0
0.5 0.5 0
0.5 0.5 0
0.5 0.5 0
0.5 0.5 0
0.5 0.5 0
0.5 0.5 0
0.5 0.5 0
0.5 0.5 0
0.5 0.5 0
0.5 0.5 0
0.5 0.5 0
0.5 0.5 0
0.5 0.5 0
0.5 0.5 0
0.5 0.5 0
0.5 0.5 0
0.5 0.5 0
0.5 0.5 0
0.5 0.5 0
0.5 0.5 0
0.5 0.5 0
0.5 0.5 0
0.5 0.5 0
0.5 0.5 0
0.5 0.5 0
0.5 0.5 0
0.5 0.5 0
0.5 0.5 0
0.5 0.5 0
0.5 0.5 0
0.5 0.5 0
0.5 0.5 0
0.5 0.5 0
0.5 0.5 0
0.5 0.5 0
0.5 0.5 0
0.5 0.5 0
0.5 0.5 0
0.5 0.5 0
0.5 0.5 0
0.5 0.5 0
0.5 0.5 0
0.5 0.5 0
0.5 0.5 0
0.5 0.5 0
0.5 0.5 0
0.5 0.5 0
0.5 0.5 0
0.5 0.5 0
0.5 0.5 0
0.5 0.5 0
0.5 0.5 0
0.5 0.5 0
0.5 0.5 0
</Weights>
            </BorderPart>
        </Border>
        <Border Name="FP.v" Red="0" Green="1" Blue="0">
            <BorderPart Closed="True">
                <Vertices>19800 19799 20766
20766 19799 20729
20766 20729 19799
20730 20729 20692
20730 20692 20729
20730 20693 20692
20731 20693 20730
20731 20694 20693
20732 20694 20731
20732 20695 20694
20732 20733 20695
20769 20733 20732
20770 20733 20769
20770 20734 20733
20770 20771 20734
20806 20771 20770
20806 20807 20771
20841 20807 20806
20841 20842 20807
20875 20842 20841
20876 20842 20875
20876 20843 20842
20876 20877 20843
20909 20877 20876
20909 20910 20877
20941 20910 20909
20941 20942 20910
20941 20972 20971
20971 20972 20941
20971 21001 21000
21000 21001 20971
21000 21029 21028
21000 21028 20999
20999 21028 21027
21027 21028 20999
21027 21055 21054
21027 21054 21026
21026 21054 19808
19808 21054 21026
19808 19809 21054
19808 27900 27899
27899 27900 19808
27899 27954 27953
27899 27953 27898
27898 27953 27952
27952 27953 27898
27952 28006 28005
28005 28006 27952
28005 28058 28057
28005 28057 28004
28004 28057 28056
28004 28056 28003
28003 28056 28055
28055 28056 28003
28055 28107 28106
28055 28106 28054
28054 28106 28105
28054 28105 28053
28053 28105 28104
28053 28104 28052
28053 28052 28000
28000 28052 27999
28000 27999 27946
27946 27999 27945
27946 27945 27891
27891 27945 27890
27891 27890 19799
27891 19799 27890
</Vertices>
                <Weights>0.5 0.5 0
0.5 0.5 0
0.5 0.5 0
0.5 0.5 0
0.5 0.5 0
0.5 0.5 0
0.5 0.5 0
0.5 0.5 0
0.5 0.5 0
0.5 0.5 0
0.5 0.5 0
0.5 0.5 0
0.5 0.5 0
0.5 0.5 0
0.5 0.5 0
0.5 0.5 0
0.5 0.5 0
0.5 0.5 0
0.5 0.5 0
0.5 0.5 0
0.5 0.5 0
0.5 0.5 0
0.5 0.5 0
0.5 0.5 0
0.5 0.5 0
0.5 0.5 0
0.5 0.5 0
0.5 0.5 0
0.5 0.5 0
0.5 0.5 0
0.5 0.5 0
0.5 0.5 0
0.5 0.5 0
0.5 0.5 0
0.5 0.5 0
0.5 0.5 0
0.5 0.5 0
0.5 0.5 0
0.5 0.5 0
0.5 0.5 0
0.5 0.5 0
0.5 0.5 0
0.5 0.5 0
0.5 0.5 0
0.5 0.5 0
0.5 0.5 0
0.5 0.5 0
0.5 0.5 0
0.5 0.5 0
0.5 0.5 0
0.5 0.5 0
0.5 0.5 0
0.5 0.5 0
0.5 0.5 0
0.5 0.5 0
0.5 0.5 0
0.5 0.5 0
0.5 0.5 0
0.5 0.5 0
0.5 0.5 0
0.5 0.5 0
0.5 0.5 0
0.5 0.5 0
0.5 0.5 0
0.5 0.5 0
0.5 0.5 0
0.5 0.5 0
0.5 0.5 0
</Weights>
            </BorderPart>
        </Border>
        <Border Name="SFG.rm" Red="0.619608" Green="0.27451" Blue="0.207843">
            <BorderPart Closed="True">
                <Vertices>28446 28401 28445
28446 28445 28401
28489 28445 28488
28488 28445 28444
28488 28444 28487
28488 28487 28444
28530 28487 28529
28530 28529 28487
28571 28529 28570
28570 28529 28528
28570 28528 28569
28570 28569 28528
28610 28569 28609
28610 28609 28569
28649 28609 28648
28648 28609 28608
28648 28608 28647
28648 28647 28608
28648 28686 28647
28687 28686 28648
28724 28686 28723
28724 28723 28686
28724 28760 28723
28761 28760 28724
28761 28796 28760
28797 28796 28761
28797 28831 28796
28832 28831 28797
28865 28831 28864
28865 28864 28831
28865 28897 28864
28865 28898 28897
28866 28898 28865
28866 28899 28898
28867 28899 28866
28867 28900 28899
28868 28900 28867
28868 28901 28900
28868 28869 28835
28835 28869 28868
28836 28869 28835
28836 28870 28869
28837 28870 28836
28837 28871 28870
28838 28871 28837
28838 28872 28871
28838 28839 28804
28804 28839 28838
28805 28839 28804
28805 28840 28839
28805 28806 28770
28805 28770 28769
28769 28770 28733
28733 28770 28769
28733 28734 28696
28696 28734 28733
28696 28697 28658
28696 28658 28657
28657 28658 28618
28618 28658 28657
28618 28619 28578
28618 28578 28577
28577 28578 28536
28577 28536 28535
28535 28536 28493
28535 28493 28492
28535 28492 28534
28534 28492 28491
28491 28492 28448
28491 28448 28447
28491 28447 28490
28490 28447 28446
28446 28447 28402
28446 28402 28401
</Vertices>
                <Weights>0.5 0.5 0
0.5 0.5 0
0.5 0.5 0
0.5 0.5 0
0.5 0.5 0
0.5 0.5 0
0.5 0.5 0
0.5 0.5 0
0.5 0.5 0
0.5 0.5 0
0.5 0.5 0
0.5 0.5 0
0.5 0.5 0
0.5 0.5 0
0.5 0.5 0
0.5 0.5 0
0.5 0.5 0
0.5 0.5 0
0.5 0.5 0
0.5 0.5 0
0.5 0.5 0
0.5 0.5 0
0.5 0.5 0
0.5 0.5 0
0.5 0.5 0
0.5 0.5 0
0.5 0.5 0
0.5 0.5 0
0.5 0.5 0
0.5 0.5 0
0.5 0.5 0
0.5 0.5 0
0.5 0.5 0
0.5 0.5 0
0.5 0.5 0
0.5 0.5 0
0.5 0.5 0
0.5 0.5 0
0.5 0.5 0
0.5 0.5 0
0.5 0.5 0
0.5 0.5 0
0.5 0.5 0
0.5 0.5 0
0.5 0.5 0
0.5 0.5 0
0.5 0.5 0
0.5 0.5 0
0.5 0.5 0
0.5 0.5 0
0.5 0.5 0
0.5 0.5 0
0.5 0.5 0
0.5 0.5 0
0.5 0.5 0
0.5 0.5 0
0.5 0.5 0
0.5 0.5 0
0.5 0.5 0
0.5 0.5 0
0.5 0.5 0
0.5 0.5 0
0.5 0.5 0
0.5 0.5 0
0.5 0.5 0
0.5 0.5 0
0.5 0.5 0
0.5 0.5 0
0.5 0.5 0
0.5 0.5 0
0.5 0.5 0
0.5 0.5 0
0.5 0.5 0
0.5 0.5 0
</Weights>
            </BorderPart>
        </Border>
        <Border Name="SFG.cm" Red="0" Green="0.552941" Blue="1">
            <BorderPart Closed="True">
                <Vertices>28839 28804 28838
28839 28838 28804
28872 28838 28871
28871 28838 28837
28871 28837 28870
28870 28837 28836
28870 28836 28869
28869 28836 28835
28869 28835 28868
28869 28868 28835
28901 28868 28900
28900 28868 28867
28900 28867 28899
28899 28867 28866
28899 28866 28898
28898 28866 28865
28898 28865 28897
28898 28897 28865
28929 28897 28928
28928 28897 28896
28928 28896 28927
28928 28927 28896
28958 28927 28957
28958 28957 28927
28958 28987 28957
28988 28987 28958
28988 29016 28987
29017 29016 28988
29044 29016 29043
29044 29043 29016
29044 29070 29043
29071 29070 29044
29096 29070 29095
29096 29095 29070
29096 29120 29095
29121 29120 29096
29121 29144 29120
29121 29145 29144
29122 29145 29121
29122 29146 29145
29123 29146 29122
29123 29147 29146
29124 29147 29123
29124 29148 29147
29124 29125 29100
29100 29125 29124
29101 29125 29100
29101 29126 29125
29102 29126 29101
29102 29127 29126
29102 29103 29077
29077 29103 29102
29078 29103 29077
29078 29104 29103
29079 29104 29078
29079 29105 29104
29079 29080 29053
29053 29080 29079
29053 29054 29026
29026 29054 29053
29027 29054 29026
29027 29055 29054
29027 29028 28999
28999 29028 29027
28999 29000 28970
28970 29000 28999
28970 28971 28940
28970 28940 28939
28939 28940 28908
28939 28908 28907
28907 28908 28875
28907 28875 28874
28874 28875 28841
28874 28841 28840
28874 28840 28873
28873 28840 28839
28839 28840 28805
28839 28805 28804
</Vertices>
                <Weights>0.5 0.5 0
0.5 0.5 0
0.5 0.5 0
0.5 0.5 0
0.5 0.5 0
0.5 0.5 0
0.5 0.5 0
0.5 0.5 0
0.5 0.5 0
0.5 0.5 0
0.5 0.5 0
0.5 0.5 0
0.5 0.5 0
0.5 0.5 0
0.5 0.5 0
0.5 0.5 0
0.5 0.5 0
0.5 0.5 0
0.5 0.5 0
0.5 0.5 0
0.5 0.5 0
0.5 0.5 0
0.5 0.5 0
0.5 0.5 0
0.5 0.5 0
0.5 0.5 0
0.5 0.5 0
0.5 0.5 0
0.5 0.5 0
0.5 0.5 0
0.5 0.5 0
0.5 0.5 0
0.5 0.5 0
0.5 0.5 0
0.5 0.5 0
0.5 0.5 0
0.5 0.5 0
0.5 0.5 0
0.5 0.5 0
0.5 0.5 0
0.5 0.5 0
0.5 0.5 0
0.5 0.5 0
0.5 0.5 0
0.5 0.5 0
0.5 0.5 0
0.5 0.5 0
0.5 0.5 0
0.5 0.5 0
0.5 0.5 0
0.5 0.5 0
0.5 0.5 0
0.5 0.5 0
0.5 0.5 0
0.5 0.5 0
0.5 0.5 0
0.5 0.5 0
0.5 0.5 0
0.5 0.5 0
0.5 0.5 0
0.5 0.5 0
0.5 0.5 0
0.5 0.5 0
0.5 0.5 0
0.5 0.5 0
0.5 0.5 0
0.5 0.5 0
0.5 0.5 0
0.5 0.5 0
0.5 0.5 0
0.5 0.5 0
0.5 0.5 0
0.5 0.5 0
0.5 0.5 0
0.5 0.5 0
0.5 0.5 0
0.5 0.5 0
0.5 0.5 0
</Weights>
            </BorderPart>
        </Border>
        <Border Name="SFG.r" Red="1" Green="0.482353" Blue="0.862745">
            <BorderPart Closed="True">
                <Vertices>27999 27945 27998
27999 27998 27945
28051 27998 28050
28050 27998 27997
28050 27997 28049
28050 28049 27997
28101 28049 28100
28100 28049 28048
28100 28048 28099
28100 28099 28048
28150 28099 28149
28150 28149 28099
28199 28149 28198
28198 28149 28148
28198 28148 28197
28197 28148 28147
28197 28147 28196
28197 28196 28147
28197 28245 28196
28246 28245 28197
28293 28245 28292
28293 28292 28245
28293 28339 28292
28340 28339 28293
28340 28385 28339
28386 28385 28340
28430 28385 28429
28430 28429 28385
28430 28473 28429
28430 28474 28473
28431 28474 28430
28475 28474 28431
28475 28517 28474
28518 28517 28475
28518 28559 28517
28518 28560 28559
28519 28560 28518
28519 28561 28560
28520 28561 28519
28520 28562 28561
28521 28562 28520
28521 28563 28562
28522 28563 28521
28522 28564 28563
28522 28523 28480
28480 28523 28522
28480 28481 28437
28480 28437 28436
28436 28437 28392
28436 28392 28391
28391 28392 28346
28391 28346 28345
28345 28346 28299
28299 28346 28345
28299 28300 28252
28299 28252 28251
28251 28252 28203
28203 28252 28251
28203 28204 28154
28154 28204 28203
28154 28155 28104
28104 28155 28154
28104 28105 28053
28104 28053 28052
28052 28053 28000
28052 28000 27999
27999 28000 27946
27999 27946 27945
</Vertices>
                <Weights>0.5 0.5 0
0.5 0.5 0
0.5 0.5 0
0.5 0.5 0
0.5 0.5 0
0.5 0.5 0
0.5 0.5 0
0.5 0.5 0
0.5 0.5 0
0.5 0.5 0
0.5 0.5 0
0.5 0.5 0
0.5 0.5 0
0.5 0.5 0
0.5 0.5 0
0.5 0.5 0
0.5 0.5 0
0.5 0.5 0
0.5 0.5 0
0.5 0.5 0
0.5 0.5 0
0.5 0.5 0
0.5 0.5 0
0.5 0.5 0
0.5 0.5 0
0.5 0.5 0
0.5 0.5 0
0.5 0.5 0
0.5 0.5 0
0.5 0.5 0
0.5 0.5 0
0.5 0.5 0
0.5 0.5 0
0.5 0.5 0
0.5 0.5 0
0.5 0.5 0
0.5 0.5 0
0.5 0.5 0
0.5 0.5 0
0.5 0.5 0
0.5 0.5 0
0.5 0.5 0
0.5 0.5 0
0.5 0.5 0
0.5 0.5 0
0.5 0.5 0
0.5 0.5 0
0.5 0.5 0
0.5 0.5 0
0.5 0.5 0
0.5 0.5 0
0.5 0.5 0
0.5 0.5 0
0.5 0.5 0
0.5 0.5 0
0.5 0.5 0
0.5 0.5 0
0.5 0.5 0
0.5 0.5 0
0.5 0.5 0
0.5 0.5 0
0.5 0.5 0
0.5 0.5 0
0.5 0.5 0
0.5 0.5 0
0.5 0.5 0
0.5 0.5 0
0.5 0.5 0
</Weights>
            </BorderPart>
        </Border>
        <Border Name="SFG.ri" Red="0" Green="0.964706" Blue="1">
            <BorderPart Closed="True">
                <Vertices>27857 27856 28551
28551 27856 27857
28551 28592 27856
28552 28592 28551
28593 28592 28552
28593 28632 28592
28593 28633 28632
28594 28633 28593
28594 28634 28633
28595 28634 28594
28635 28634 28595
28635 28673 28634
28635 28674 28673
28636 28674 28635
28675 28674 28636
28675 28712 28674
28675 28713 28712
28676 28713 28675
28714 28713 28676
28714 28750 28713
28714 28751 28750
28715 28751 28714
28752 28751 28715
28752 28787 28751
28752 28788 28787
28753 28788 28752
28789 28788 28753
28789 28823 28788
28824 28823 28789
28824 28857 28823
28858 28857 28824
28858 28890 28857
28858 28891 28890
28859 28891 28858
28892 28891 28859
28892 28923 28891
28892 28924 28923
28893 28924 28892
28925 28924 28893
28925 28955 28924
28925 28956 28955
28926 28956 28925
28926 28957 28956
28927 28957 28926
28927 28958 28957
28927 28928 28896
28896 28928 28927
28897 28928 28896
28897 28929 28928
28897 28898 28865
28897 28865 28864
28864 28865 28831
28831 28865 28864
28831 28832 28797
28831 28797 28796
28796 28797 28761
28796 28761 28760
28760 28761 28724
28760 28724 28723
28723 28724 28686
28686 28724 28723
28686 28687 28648
28686 28648 28647
28647 28648 28608
28647 28608 28607
28647 28607 28646
28646 28607 28606
28606 28607 28566
28606 28566 28565
28606 28565 28605
28605 28565 28564
28564 28565 28523
28564 28523 28522
28564 28522 28563
28563 28522 28521
28563 28521 28562
28562 28521 28520
28562 28520 28561
28561 28520 28519
28561 28519 28560
28560 28519 28518
28560 28518 28559
28559 28518 28517
28517 28518 28475
28517 28475 28474
28474 28475 28431
28474 28431 28430
28474 28430 28473
28473 28430 28429
28429 28430 28385
28385 28430 28429
28385 28386 28340
28385 28340 28339
28339 28340 28293
28339 28293 28292
28292 28293 28245
28245 28293 28292
28245 28246 28197
28245 28197 28196
28196 28197 28147
28196 28147 28146
28196 28146 28195
28195 28146 28145
28195 28145 28194
28194 28145 28144
28194 28144 28193
28194 28193 28144
28242 28193 28241
28241 28193 28192
28241 28192 28240
28241 28240 28192
28288 28240 28287
28287 28240 28239
28287 28239 28286
28286 28239 28238
28286 28238 28285
28285 28238 28237
28285 28237 28284
28285 28284 28237
28331 28284 27862
27862 28284 27863
27862 27863 28284
27862 29420 27863
29421 29420 27862
29421 29475 29420
29421 29476 29475
29422 29476 29421
29422 29477 29476
29423 29477 29422
29423 29478 29477
29423 29424 27859
27859 29424 29423
27858 29424 27859
27858 29425 29424
27857 29425 27858
27857 29426 29425
</Vertices>
                <Weights>0.5 0.5 0
0.5 0.5 0
0.5 0.5 0
0.5 0.5 0
0.5 0.5 0
0.5 0.5 0
0.5 0.5 0
0.5 0.5 0
0.5 0.5 0
0.5 0.5 0
0.5 0.5 0
0.5 0.5 0
0.5 0.5 0
0.5 0.5 0
0.5 0.5 0
0.5 0.5 0
0.5 0.5 0
0.5 0.5 0
0.5 0.5 0
0.5 0.5 0
0.5 0.5 0
0.5 0.5 0
0.5 0.5 0
0.5 0.5 0
0.5 0.5 0
0.5 0.5 0
0.5 0.5 0
0.5 0.5 0
0.5 0.5 0
0.5 0.5 0
0.5 0.5 0
0.5 0.5 0
0.5 0.5 0
0.5 0.5 0
0.5 0.5 0
0.5 0.5 0
0.5 0.5 0
0.5 0.5 0
0.5 0.5 0
0.5 0.5 0
0.5 0.5 0
0.5 0.5 0
0.5 0.5 0
0.5 0.5 0
0.5 0.5 0
0.5 0.5 0
0.5 0.5 0
0.5 0.5 0
0.5 0.5 0
0.5 0.5 0
0.5 0.5 0
0.5 0.5 0
0.5 0.5 0
0.5 0.5 0
0.5 0.5 0
0.5 0.5 0
0.5 0.5 0
0.5 0.5 0
0.5 0.5 0
0.5 0.5 0
0.5 0.5 0
0.5 0.5 0
0.5 0.5 0
0.5 0.5 0
0.5 0.5 0
0.5 0.5 0
0.5 0.5 0
0.5 0.5 0
0.5 0.5 0
0.5 0.5 0
0.5 0.5 0
0.5 0.5 0
0.5 0.5 0
0.5 0.5 0
0.5 0.5 0
0.5 0.5 0
0.5 0.5 0
0.5 0.5 0
0.5 0.5 0
0.5 0.5 0
0.5 0.5 0
0.5 0.5 0
0.5 0.5 0
0.5 0.5 0
0.5 0.5 0
0.5 0.5 0
0.5 0.5 0
0.5 0.5 0
0.5 0.5 0
0.5 0.5 0
0.5 0.5 0
0.5 0.5 0
0.5 0.5 0
0.5 0.5 0
0.5 0.5 0
0.5 0.5 0
0.5 0.5 0
0.5 0.5 0
0.5 0.5 0
0.5 0.5 0
0.5 0.5 0
0.5 0.5 0
0.5 0.5 0
0.5 0.5 0
0.5 0.5 0
0.5 0.5 0
0.5 0.5 0
0.5 0.5 0
0.5 0.5 0
0.5 0.5 0
0.5 0.5 0
0.5 0.5 0
0.5 0.5 0
0.5 0.5 0
0.5 0.5 0
0.5 0.5 0
0.5 0.5 0
0.5 0.5 0
0.5 0.5 0
0.5 0.5 0
0.5 0.5 0
0.5 0.5 0
0.5 0.5 0
0.5 0.5 0
0.5 0.5 0
0.5 0.5 0
0.5 0.5 0
0.5 0.5 0
0.5 0.5 0
0.5 0.5 0
0.5 0.5 0
0.5 0.5 0
0.5 0.5 0
0.5 0.5 0
0.5 0.5 0
0.5 0.5 0
</Weights>
            </BorderPart>
        </Border>
        <Border Name="SFG.ci" Red="0" Green="0.415686" Blue="0.0352941">
            <BorderPart Closed="True">
                <Vertices>27848 27847 28884
28884 27847 27848
28884 28916 27847
28885 28916 28884
28917 28916 28885
28917 28947 28916
28948 28947 28917
28948 28977 28947
28978 28977 28948
28978 29006 28977
28978 29007 29006
28979 29007 28978
29008 29007 28979
29008 29035 29007
29008 29036 29035
29009 29036 29008
29037 29036 29009
29037 29063 29036
29064 29063 29037
29064 29089 29063
29064 29090 29089
29065 29090 29064
29065 29091 29090
29066 29091 29065
29092 29091 29066
29092 29116 29091
29117 29116 29092
29117 29140 29116
29117 29141 29140
29118 29141 29117
29142 29141 29118
29142 29164 29141
29142 29165 29164
29142 29143 29119
29119 29143 29142
29120 29143 29119
29120 29144 29143
29120 29121 29096
29120 29096 29095
29095 29096 29070
29070 29096 29095
29070 29071 29044
29070 29044 29043
29043 29044 29016
29016 29044 29043
29016 29017 28988
29016 28988 28987
28987 28988 28958
28987 28958 28957
28957 28958 28927
28957 28927 28926
28957 28926 28956
28956 28926 28925
28956 28925 28955
28955 28925 28924
28924 28925 28893
28924 28893 28892
28924 28892 28923
28923 28892 28891
28891 28892 28859
28891 28859 28858
28891 28858 28890
28890 28858 28857
28857 28858 28824
28857 28824 28823
28823 28824 28789
28823 28789 28788
28788 28789 28753
28788 28753 28752
28788 28752 28787
28787 28752 28751
28751 28752 28715
28751 28715 28714
28751 28714 28750
28750 28714 28713
28713 28714 28676
28713 28676 28675
28713 28675 28712
28712 28675 28674
28674 28675 28636
28674 28636 28635
28674 28635 28673
28673 28635 28634
28634 28635 28595
28634 28595 28594
28634 28594 28633
28633 28594 28593
28633 28593 28632
28632 28593 28592
28592 28593 28552
28592 28552 28551
28592 28551 27856
27856 28551 27857
27856 27857 28551
27856 29426 27857
27856 29427 29426
27855 29427 27856
27855 29428 29427
27854 29428 27855
29429 29428 27854
29429 29483 29428
29429 29484 29483
29430 29484 29429
29430 29485 29484
29431 29485 29430
29431 29486 29485
29432 29486 29431
29432 29487 29486
29433 29487 29432
29433 29488 29487
29433 29434 27849
27849 29434 29433
27848 29434 27849
27848 29435 29434
</Vertices>
                <Weights>0.5 0.5 0
0.5 0.5 0
0.5 0.5 0
0.5 0.5 0
0.5 0.5 0
0.5 0.5 0
0.5 0.5 0
0.5 0.5 0
0.5 0.5 0
0.5 0.5 0
0.5 0.5 0
0.5 0.5 0
0.5 0.5 0
0.5 0.5 0
0.5 0.5 0
0.5 0.5 0
0.5 0.5 0
0.5 0.5 0
0.5 0.5 0
0.5 0.5 0
0.5 0.5 0
0.5 0.5 0
0.5 0.5 0
0.5 0.5 0
0.5 0.5 0
0.5 0.5 0
0.5 0.5 0
0.5 0.5 0
0.5 0.5 0
0.5 0.5 0
0.5 0.5 0
0.5 0.5 0
0.5 0.5 0
0.5 0.5 0
0.5 0.5 0
0.5 0.5 0
0.5 0.5 0
0.5 0.5 0
0.5 0.5 0
0.5 0.5 0
0.5 0.5 0
0.5 0.5 0
0.5 0.5 0
0.5 0.5 0
0.5 0.5 0
0.5 0.5 0
0.5 0.5 0
0.5 0.5 0
0.5 0.5 0
0.5 0.5 0
0.5 0.5 0
0.5 0.5 0
0.5 0.5 0
0.5 0.5 0
0.5 0.5 0
0.5 0.5 0
0.5 0.5 0
0.5 0.5 0
0.5 0.5 0
0.5 0.5 0
0.5 0.5 0
0.5 0.5 0
0.5 0.5 0
0.5 0.5 0
0.5 0.5 0
0.5 0.5 0
0.5 0.5 0
0.5 0.5 0
0.5 0.5 0
0.5 0.5 0
0.5 0.5 0
0.5 0.5 0
0.5 0.5 0
0.5 0.5 0
0.5 0.5 0
0.5 0.5 0
0.5 0.5 0
0.5 0.5 0
0.5 0.5 0
0.5 0.5 0
0.5 0.5 0
0.5 0.5 0
0.5 0.5 0
0.5 0.5 0
0.5 0.5 0
0.5 0.5 0
0.5 0.5 0
0.5 0.5 0
0.5 0.5 0
0.5 0.5 0
0.5 0.5 0
0.5 0.5 0
0.5 0.5 0
0.5 0.5 0
0.5 0.5 0
0.5 0.5 0
0.5 0.5 0
0.5 0.5 0
0.5 0.5 0
0.5 0.5 0
0.5 0.5 0
0.5 0.5 0
0.5 0.5 0
0.5 0.5 0
0.5 0.5 0
0.5 0.5 0
0.5 0.5 0
0.5 0.5 0
0.5 0.5 0
0.5 0.5 0
0.5 0.5 0
0.5 0.5 0
0.5 0.5 0
0.5 0.5 0
</Weights>
            </BorderPart>
        </Border>
        <Border Name="SFG.c" Red="1" Green="0.862745" Blue="0.482353">
            <BorderPart Closed="True">
                <Vertices>29424 27858 27859
29424 27859 29423
29424 29423 27859
29478 29423 29477
29477 29423 29422
29477 29422 29476
29476 29422 29421
29476 29421 29475
29476 29475 29421
29476 29529 29475
29530 29529 29476
29530 29582 29529
29583 29582 29530
29634 29582 29633
29634 29633 29582
29634 29684 29633
29685 29684 29634
29685 29734 29684
29685 29735 29734
29686 29735 29685
29736 29735 29686
29736 29784 29735
29736 29785 29784
29737 29785 29736
29737 29786 29785
29738 29786 29737
29787 29786 29738
29787 29834 29786
29787 29835 29834
29788 29835 29787
29788 29836 29835
29789 29836 29788
29837 29836 29789
29837 29883 29836
29837 29884 29883
29837 29838 29790
29790 29838 29837
29791 29838 29790
29791 29839 29838
29792 29839 29791
29792 29840 29839
29793 29840 29792
29793 29841 29840
29793 29794 29745
29745 29794 29793
29745 29746 29696
29696 29746 29745
29696 29697 29646
29696 29646 29645
29645 29646 29594
29594 29646 29645
29594 29595 29542
29594 29542 29541
29541 29542 29488
29488 29542 29541
29488 29489 29434
29488 29434 29433
29488 29433 29487
29487 29433 29432
29487 29432 29486
29486 29432 29431
29486 29431 29485
29485 29431 29430
29485 29430 29484
29484 29430 29429
29484 29429 29483
29483 29429 29428
29428 29429 27854
29428 27854 27855
29428 27855 29427
29427 27855 27856
29427 27856 29426
29426 27856 27857
29426 27857 29425
29425 27857 27858
29425 27858 29424
</Vertices>
                <Weights>0.5 0.5 0
0.5 0.5 0
0.5 0.5 0
0.5 0.5 0
0.5 0.5 0
0.5 0.5 0
0.5 0.5 0
0.5 0.5 0
0.5 0.5 0
0.5 0.5 0
0.5 0.5 0
0.5 0.5 0
0.5 0.5 0
0.5 0.5 0
0.5 0.5 0
0.5 0.5 0
0.5 0.5 0
0.5 0.5 0
0.5 0.5 0
0.5 0.5 0
0.5 0.5 0
0.5 0.5 0
0.5 0.5 0
0.5 0.5 0
0.5 0.5 0
0.5 0.5 0
0.5 0.5 0
0.5 0.5 0
0.5 0.5 0
0.5 0.5 0
0.5 0.5 0
0.5 0.5 0
0.5 0.5 0
0.5 0.5 0
0.5 0.5 0
0.5 0.5 0
0.5 0.5 0
0.5 0.5 0
0.5 0.5 0
0.5 0.5 0
0.5 0.5 0
0.5 0.5 0
0.5 0.5 0
0.5 0.5 0
0.5 0.5 0
0.5 0.5 0
0.5 0.5 0
0.5 0.5 0
0.5 0.5 0
0.5 0.5 0
0.5 0.5 0
0.5 0.5 0
0.5 0.5 0
0.5 0.5 0
0.5 0.5 0
0.5 0.5 0
0.5 0.5 0
0.5 0.5 0
0.5 0.5 0
0.5 0.5 0
0.5 0.5 0
0.5 0.5 0
0.5 0.5 0
0.5 0.5 0
0.5 0.5 0
0.5 0.5 0
0.5 0.5 0
0.5 0.5 0
0.5 0.5 0
0.5 0.5 0
0.5 0.5 0
0.5 0.5 0
0.5 0.5 0
0.5 0.5 0
0.5 0.5 0
0.5 0.5 0
</Weights>
            </BorderPart>
        </Border>
        <Border Name="IFG.rd" Red="0.243137" Green="0" Blue="0.415686">
            <BorderPart Closed="True">
                <Vertices>19789 19788 20304
20304 19788 20256
20304 20256 19788
20257 20256 20208
20257 20208 20256
20209 20208 20159
20159 20208 20158
20159 20158 20108
20159 20108 20158
20109 20108 20057
20057 20108 20056
20057 20056 20004
20057 20004 20056
20005 20004 19951
19951 20004 19950
19951 19950 19896
19951 19896 19950
19951 19897 19896
19952 19897 19951
19952 19898 19897
19953 19898 19952
19899 19898 10155
19899 10155 19898
19899 10156 10155
19900 10156 19899
19900 10157 10156
19901 10157 19900
19901 10158 10157
19902 10158 19901
19902 10159 10158
19903 10159 19902
19903 10160 10159
19903 19904 10160
19958 19904 19903
19958 19959 19904
19958 20012 20011
20011 20012 19958
20064 20012 20011
20064 20065 20012
20116 20065 20064
20116 20117 20065
20116 20167 20166
20166 20167 20116
20216 20167 20166
20216 20217 20167
20216 20265 20264
20264 20265 20216
20312 20265 20264
20312 20313 20265
20312 20359 20358
20358 20359 20312
20404 20359 20358
20404 20405 20359
20404 20449 20448
20448 20449 20404
20492 20449 20448
20492 20493 20449
20492 20535 20534
20534 20535 20492
20534 20576 20575
20575 20576 20534
20616 20576 20575
20616 20617 20576
20616 20656 20655
20655 20656 20616
20694 20656 20655
20694 20695 20656
20694 20732 20731
20694 20731 20693
20693 20731 20730
20693 20730 20692
20692 20730 20729
20729 20730 20692
20729 20766 19799
19799 20766 20729
19799 19800 20766
19799 27891 27890
27890 27891 19799
27945 27891 27890
27945 27946 27891
27945 27999 27998
27998 27999 27945
27998 28051 28050
27998 28050 27997
27997 28050 28049
28049 28050 27997
28049 28101 28100
28049 28100 28048
28048 28100 28099
28099 28100 28048
28099 28150 28149
28149 28150 28099
28149 28199 28198
28149 28198 28148
28148 28198 28197
28148 28197 28147
28147 28197 28196
28147 28196 28146
28147 28146 28096
28096 28146 28095
28096 28095 28044
28044 28095 28043
28044 28043 27991
27991 28043 27990
27991 27990 27937
27937 27990 27936
27936 27990 27989
27936 27989 27935
27936 27935 27881
27881 27935 27880
27881 27880 19789
19789 27880 19788
</Vertices>
                <Weights>0.5 0.5 0
0.5 0.5 0
0.5 0.5 0
0.5 0.5 0
0.5 0.5 0
0.5 0.5 0
0.5 0.5 0
0.5 0.5 0
0.5 0.5 0
0.5 0.5 0
0.5 0.5 0
0.5 0.5 0
0.5 0.5 0
0.5 0.5 0
0.5 0.5 0
0.5 0.5 0
0.5 0.5 0
0.5 0.5 0
0.5 0.5 0
0.5 0.5 0
0.5 0.5 0
0.5 0.5 0
0.5 0.5 0
0.5 0.5 0
0.5 0.5 0
0.5 0.5 0
0.5 0.5 0
0.5 0.5 0
0.5 0.5 0
0.5 0.5 0
0.5 0.5 0
0.5 0.5 0
0.5 0.5 0
0.5 0.5 0
0.5 0.5 0
0.5 0.5 0
0.5 0.5 0
0.5 0.5 0
0.5 0.5 0
0.5 0.5 0
0.5 0.5 0
0.5 0.5 0
0.5 0.5 0
0.5 0.5 0
0.5 0.5 0
0.5 0.5 0
0.5 0.5 0
0.5 0.5 0
0.5 0.5 0
0.5 0.5 0
0.5 0.5 0
0.5 0.5 0
0.5 0.5 0
0.5 0.5 0
0.5 0.5 0
0.5 0.5 0
0.5 0.5 0
0.5 0.5 0
0.5 0.5 0
0.5 0.5 0
0.5 0.5 0
0.5 0.5 0
0.5 0.5 0
0.5 0.5 0
0.5 0.5 0
0.5 0.5 0
0.5 0.5 0
0.5 0.5 0
0.5 0.5 0
0.5 0.5 0
0.5 0.5 0
0.5 0.5 0
0.5 0.5 0
0.5 0.5 0
0.5 0.5 0
0.5 0.5 0
0.5 0.5 0
0.5 0.5 0
0.5 0.5 0
0.5 0.5 0
0.5 0.5 0
0.5 0.5 0
0.5 0.5 0
0.5 0.5 0
0.5 0.5 0
0.5 0.5 0
0.5 0.5 0
0.5 0.5 0
0.5 0.5 0
0.5 0.5 0
0.5 0.5 0
0.5 0.5 0
0.5 0.5 0
0.5 0.5 0
0.5 0.5 0
0.5 0.5 0
0.5 0.5 0
0.5 0.5 0
0.5 0.5 0
0.5 0.5 0
0.5 0.5 0
0.5 0.5 0
0.5 0.5 0
0.5 0.5 0
0.5 0.5 0
0.5 0.5 0
0.5 0.5 0
0.5 0.5 0
0.5 0.5 0
0.5 0.5 0
0.5 0.5 0
0.5 0.5 0
</Weights>
            </BorderPart>
        </Border>
        <Border Name="IFG.cd" Red="0.309804" Green="0.482353" Blue="0.552941">
            <BorderPart Closed="True">
                <Vertices>6 10092 10148
6 10148 10092
19780 10148 6
19892 10148 19780
19892 10149 10148
19893 10149 19892
19893 10150 10149
19893 19894 10150
19948 19894 19893
19949 19894 19948
19949 19895 19894
19950 19895 19949
19950 19896 19895
19950 19951 19896
20004 19951 19950
20004 20005 19951
20004 20057 20056
20056 20057 20004
20108 20057 20056
20108 20109 20057
20108 20159 20158
20158 20159 20108
20208 20159 20158
20208 20209 20159
20208 20257 20256
20256 20257 20208
20256 20304 19788
19788 20304 20256
19788 19789 20304
27880 19789 19788
27880 27881 19789
27935 27881 27880
27935 27936 27881
27989 27936 27935
27990 27936 27989
27990 27937 27936
27990 27991 27937
28043 27991 27990
28043 28044 27991
28095 28044 28043
28095 28096 28044
28146 28096 28095
28146 28147 28096
28146 28196 28195
28146 28195 28145
28145 28195 28194
28145 28194 28144
28144 28194 28193
28193 28194 28144
28193 28242 28241
28193 28241 28192
28192 28241 28240
28240 28241 28192
28240 28288 28287
28240 28287 28239
28239 28287 28286
28239 28286 28238
28238 28286 28285
28238 28285 28237
28237 28285 28284
28284 28285 28237
28284 28331 27862
28284 27862 27863
27863 27862 28284
29420 27862 27863
29420 29421 27862
29475 29421 29420
29475 29476 29421
29475 29529 29528
29475 29528 29474
29474 29528 29527
29474 29527 29473
29473 29527 29526
29473 29526 29472
29472 29526 29525
29472 29525 29471
29471 29525 29524
29471 29524 29470
29470 29524 29523
29470 29523 29469
29469 29523 29522
29469 29522 29468
29468 29522 29521
29468 29521 29467
29468 29467 29413
29413 29467 29412
29412 29467 18238
29412 18238 18239
29412 18239 27871
27871 18239 6
6 18239 10092
</Vertices>
                <Weights>0.5 0.5 0
0.5 0.5 0
0.5 0.5 0
0.5 0.5 0
0.5 0.5 0
0.5 0.5 0
0.5 0.5 0
0.5 0.5 0
0.5 0.5 0
0.5 0.5 0
0.5 0.5 0
0.5 0.5 0
0.5 0.5 0
0.5 0.5 0
0.5 0.5 0
0.5 0.5 0
0.5 0.5 0
0.5 0.5 0
0.5 0.5 0
0.5 0.5 0
0.5 0.5 0
0.5 0.5 0
0.5 0.5 0
0.5 0.5 0
0.5 0.5 0
0.5 0.5 0
0.5 0.5 0
0.5 0.5 0
0.5 0.5 0
0.5 0.5 0
0.5 0.5 0
0.5 0.5 0
0.5 0.5 0
0.5 0.5 0
0.5 0.5 0
0.5 0.5 0
0.5 0.5 0
0.5 0.5 0
0.5 0.5 0
0.5 0.5 0
0.5 0.5 0
0.5 0.5 0
0.5 0.5 0
0.5 0.5 0
0.5 0.5 0
0.5 0.5 0
0.5 0.5 0
0.5 0.5 0
0.5 0.5 0
0.5 0.5 0
0.5 0.5 0
0.5 0.5 0
0.5 0.5 0
0.5 0.5 0
0.5 0.5 0
0.5 0.5 0
0.5 0.5 0
0.5 0.5 0
0.5 0.5 0
0.5 0.5 0
0.5 0.5 0
0.5 0.5 0
0.5 0.5 0
0.5 0.5 0
0.5 0.5 0
0.5 0.5 0
0.5 0.5 0
0.5 0.5 0
0.5 0.5 0
0.5 0.5 0
0.5 0.5 0
0.5 0.5 0
0.5 0.5 0
0.5 0.5 0
0.5 0.5 0
0.5 0.5 0
0.5 0.5 0
0.5 0.5 0
0.5 0.5 0
0.5 0.5 0
0.5 0.5 0
0.5 0.5 0
0.5 0.5 0
0.5 0.5 0
0.5 0.5 0
0.5 0.5 0
0.5 0.5 0
0.5 0.5 0
0.5 0.5 0
0.5 0.5 0
0.5 0.5 0
</Weights>
            </BorderPart>
        </Border>
        <Border Name="IFG.cv" Red="0.898039" Green="0" Blue="1">
            <BorderPart Closed="True">
                <Vertices>18218 18217 19218
18218 19218 19184
19184 19218 19183
19184 19183 19148
19148 19183 19147
19148 19147 19111
19111 19147 19110
19111 19110 19073
19073 19110 19072
19073 19072 19034
19034 19072 19033
19034 19033 18994
19034 18994 19033
18995 18994 18954
18995 18954 18994
18995 18955 18954
18996 18955 18995
18996 18956 18955
18996 18997 18956
19036 18997 18996
19037 18997 19036
19037 18998 18997
19038 18998 19037
19038 18999 18998
18223 18999 19038
18223 18224 18999
30132 18224 30091
30132 30091 18224
30092 30091 30050
30092 30050 30091
30051 30050 30008
30051 30008 30050
30009 30008 29965
30009 29965 30008
29966 29965 29921
29966 29921 29965
29922 29921 29876
29876 29921 29875
29876 29875 29829
29876 29829 29875
29830 29829 29782
29830 29782 29829
29783 29782 29734
29783 29734 29782
29735 29734 29685
29735 29685 29734
29735 29686 29685
29735 29736 29686
29784 29736 29735
29785 29736 29784
29785 29737 29736
29786 29737 29785
29786 29738 29737
29786 29787 29738
29834 29787 29786
29835 29787 29834
29835 29788 29787
29836 29788 29835
29836 29789 29788
29836 29837 29789
29883 29837 29836
29884 29837 29883
29838 29837 29790
29838 29790 29837
29838 29791 29790
29839 29791 29838
29839 29792 29791
29840 29792 29839
29840 29793 29792
29841 29793 29840
29841 29794 29793
29841 29842 29794
29841 29888 29887
29887 29888 29841
29887 29933 29932
29932 29933 29887
29932 29977 29976
29976 29977 29932
29976 30020 30019
30019 30020 29976
30019 30062 30061
30061 30062 30019
30061 30103 30102
30102 30103 30061
30102 30143 30142
30142 30143 30102
30142 30182 30181
30181 30182 30142
30220 30182 30181
30220 30221 30182
30220 30258 30257
30257 30258 30220
30257 30294 30293
30293 30294 30257
30293 30329 30328
30328 30329 30293
30328 30363 30362
30362 30363 30328
30362 30396 30395
30362 30395 30361
30361 30395 30394
30361 30394 30360
30360 30394 30393
30393 30394 30360
30393 30426 30425
30393 30425 30392
30393 30392 30359
30359 30392 30358
30358 30392 30391
30358 30391 30357
30357 30391 18217
30357 18217 18218
</Vertices>
                <Weights>0.5 0.5 0
0.5 0.5 0
0.5 0.5 0
0.5 0.5 0
0.5 0.5 0
0.5 0.5 0
0.5 0.5 0
0.5 0.5 0
0.5 0.5 0
0.5 0.5 0
0.5 0.5 0
0.5 0.5 0
0.5 0.5 0
0.5 0.5 0
0.5 0.5 0
0.5 0.5 0
0.5 0.5 0
0.5 0.5 0
0.5 0.5 0
0.5 0.5 0
0.5 0.5 0
0.5 0.5 0
0.5 0.5 0
0.5 0.5 0
0.5 0.5 0
0.5 0.5 0
0.5 0.5 0
0.5 0.5 0
0.5 0.5 0
0.5 0.5 0
0.5 0.5 0
0.5 0.5 0
0.5 0.5 0
0.5 0.5 0
0.5 0.5 0
0.5 0.5 0
0.5 0.5 0
0.5 0.5 0
0.5 0.5 0
0.5 0.5 0
0.5 0.5 0
0.5 0.5 0
0.5 0.5 0
0.5 0.5 0
0.5 0.5 0
0.5 0.5 0
0.5 0.5 0
0.5 0.5 0
0.5 0.5 0
0.5 0.5 0
0.5 0.5 0
0.5 0.5 0
0.5 0.5 0
0.5 0.5 0
0.5 0.5 0
0.5 0.5 0
0.5 0.5 0
0.5 0.5 0
0.5 0.5 0
0.5 0.5 0
0.5 0.5 0
0.5 0.5 0
0.5 0.5 0
0.5 0.5 0
0.5 0.5 0
0.5 0.5 0
0.5 0.5 0
0.5 0.5 0
0.5 0.5 0
0.5 0.5 0
0.5 0.5 0
0.5 0.5 0
0.5 0.5 0
0.5 0.5 0
0.5 0.5 0
0.5 0.5 0
0.5 0.5 0
0.5 0.5 0
0.5 0.5 0
0.5 0.5 0
0.5 0.5 0
0.5 0.5 0
0.5 0.5 0
0.5 0.5 0
0.5 0.5 0
0.5 0.5 0
0.5 0.5 0
0.5 0.5 0
0.5 0.5 0
0.5 0.5 0
0.5 0.5 0
0.5 0.5 0
0.5 0.5 0
0.5 0.5 0
0.5 0.5 0
0.5 0.5 0
0.5 0.5 0
0.5 0.5 0
0.5 0.5 0
0.5 0.5 0
0.5 0.5 0
0.5 0.5 0
0.5 0.5 0
0.5 0.5 0
0.5 0.5 0
0.5 0.5 0
0.5 0.5 0
0.5 0.5 0
0.5 0.5 0
0.5 0.5 0
0.5 0.5 0
0.5 0.5 0
</Weights>
            </BorderPart>
        </Border>
        <Border Name="IFG.iv" Red="1" Green="0.470588" Blue="1">
            <BorderPart Closed="True">
                <Vertices>18224 18223 18999
18999 18223 19038
18999 19038 18998
18998 19038 19037
18998 19037 18997
18997 19037 19036
18997 19036 18996
18997 18996 18956
18956 18996 18955
18955 18996 18995
18955 18995 18954
18955 18954 18913
18913 18954 18912
18913 18912 18870
18870 18912 18869
18870 18869 18826
18826 18869 18825
18826 18825 18781
18781 18825 18780
18781 18780 18735
18735 18780 18734
18735 18734 18688
18735 18688 18734
18689 18688 18641
18689 18641 18688
18642 18641 18593
18593 18641 18592
18593 18592 18543
18593 18543 18592
18544 18543 18493
18544 18493 18543
18494 18493 18442
18494 18442 18493
18443 18442 18390
18443 18390 18442
18391 18390 18337
18391 18337 18390
18391 18338 18337
18392 18338 18391
18392 18339 18338
18393 18339 18392
18393 18340 18339
18394 18340 18393
18394 18341 18340
18394 18395 18341
18447 18395 18394
18448 18395 18447
18448 18396 18395
18448 18449 18396
18500 18449 18448
18501 18449 18500
18501 18450 18449
18502 18450 18501
18451 18450 18398
18451 18398 18450
18451 18399 18398
18452 18399 18451
18400 18399 18346
18400 18346 18399
18400 18347 18346
18401 18347 18400
18348 18347 18293
18348 18293 18347
18348 18294 18293
18238 18294 18348
18238 18239 18294
18238 29412 18239
29467 29412 18238
29467 29413 29412
29467 29468 29413
29521 29468 29467
29522 29468 29521
29522 29469 29468
29523 29469 29522
29523 29470 29469
29524 29470 29523
29524 29471 29470
29525 29471 29524
29525 29472 29471
29526 29472 29525
29526 29473 29472
29527 29473 29526
29527 29474 29473
29528 29474 29527
29528 29475 29474
29529 29475 29528
29529 29476 29475
29529 29530 29476
29582 29530 29529
29582 29583 29530
29582 29634 29633
29633 29634 29582
29684 29634 29633
29684 29685 29634
29734 29685 29684
29734 29735 29685
29734 29783 29782
29782 29783 29734
29782 29830 29829
29829 29830 29782
29829 29876 29875
29875 29876 29829
29921 29876 29875
29921 29922 29876
29921 29966 29965
29965 29966 29921
29965 30009 30008
30008 30009 29965
30008 30051 30050
30050 30051 30008
30050 30092 30091
30091 30092 30050
30091 30132 18224
18224 30132 30091
</Vertices>
                <Weights>0.5 0.5 0
0.5 0.5 0
0.5 0.5 0
0.5 0.5 0
0.5 0.5 0
0.5 0.5 0
0.5 0.5 0
0.5 0.5 0
0.5 0.5 0
0.5 0.5 0
0.5 0.5 0
0.5 0.5 0
0.5 0.5 0
0.5 0.5 0
0.5 0.5 0
0.5 0.5 0
0.5 0.5 0
0.5 0.5 0
0.5 0.5 0
0.5 0.5 0
0.5 0.5 0
0.5 0.5 0
0.5 0.5 0
0.5 0.5 0
0.5 0.5 0
0.5 0.5 0
0.5 0.5 0
0.5 0.5 0
0.5 0.5 0
0.5 0.5 0
0.5 0.5 0
0.5 0.5 0
0.5 0.5 0
0.5 0.5 0
0.5 0.5 0
0.5 0.5 0
0.5 0.5 0
0.5 0.5 0
0.5 0.5 0
0.5 0.5 0
0.5 0.5 0
0.5 0.5 0
0.5 0.5 0
0.5 0.5 0
0.5 0.5 0
0.5 0.5 0
0.5 0.5 0
0.5 0.5 0
0.5 0.5 0
0.5 0.5 0
0.5 0.5 0
0.5 0.5 0
0.5 0.5 0
0.5 0.5 0
0.5 0.5 0
0.5 0.5 0
0.5 0.5 0
0.5 0.5 0
0.5 0.5 0
0.5 0.5 0
0.5 0.5 0
0.5 0.5 0
0.5 0.5 0
0.5 0.5 0
0.5 0.5 0
0.5 0.5 0
0.5 0.5 0
0.5 0.5 0
0.5 0.5 0
0.5 0.5 0
0.5 0.5 0
0.5 0.5 0
0.5 0.5 0
0.5 0.5 0
0.5 0.5 0
0.5 0.5 0
0.5 0.5 0
0.5 0.5 0
0.5 0.5 0
0.5 0.5 0
0.5 0.5 0
0.5 0.5 0
0.5 0.5 0
0.5 0.5 0
0.5 0.5 0
0.5 0.5 0
0.5 0.5 0
0.5 0.5 0
0.5 0.5 0
0.5 0.5 0
0.5 0.5 0
0.5 0.5 0
0.5 0.5 0
0.5 0.5 0
0.5 0.5 0
0.5 0.5 0
0.5 0.5 0
0.5 0.5 0
0.5 0.5 0
0.5 0.5 0
0.5 0.5 0
0.5 0.5 0
0.5 0.5 0
0.5 0.5 0
0.5 0.5 0
0.5 0.5 0
0.5 0.5 0
0.5 0.5 0
0.5 0.5 0
0.5 0.5 0
0.5 0.5 0
0.5 0.5 0
0.5 0.5 0
0.5 0.5 0
</Weights>
            </BorderPart>
        </Border>
        <Border Name="IFG.rv" Red="0.552941" Green="1" Blue="0.619608">
            <BorderPart Closed="True">
                <Vertices>10092 6 10148
10148 6 10092
10148 19780 6
10148 19892 19780
10149 19892 10148
10149 19893 19892
10150 19893 10149
19894 19893 10150
19894 19948 19893
19894 19949 19948
19895 19949 19894
19895 19950 19949
19896 19950 19895
19896 19951 19950
19897 19951 19896
19897 19952 19951
19898 19952 19897
19898 19953 19952
19898 19899 10155
10155 19899 19898
10156 19899 10155
10156 19900 19899
10157 19900 10156
10157 19901 19900
10158 19901 10157
10158 19902 19901
10159 19902 10158
10159 19903 19902
10159 10160 11677
11677 10160 11665
11665 10160 11677
11665 10161 11652
11665 11652 11651
11651 11652 11637
11651 11637 11636
11636 11637 11621
11636 11621 11620
11620 11621 11604
11620 11604 11603
11603 11604 11586
11603 11586 11585
11585 11586 11567
11585 11567 11566
11566 11567 11547
11566 11547 11546
11546 11547 11526
11546 11526 11525
11546 11525 11545
11546 11545 11525
11565 11545 11564
11564 11545 11544
11564 11544 11563
11563 11544 11543
11563 11543 11562
11563 11562 11543
11581 11562 11580
11581 11580 11562
11598 11580 11597
11597 11580 11579
11597 11579 11596
11597 11596 11579
11613 11596 11612
11613 11612 11596
11628 11612 11627
11627 11612 11611
11627 11611 11626
11627 11626 11611
11641 11626 11640
11640 11626 11625
11640 11625 11639
11639 11625 11624
11639 11624 10106
11639 10106 11624
10105 10106 11639
10105 18281 10106
18282 18281 10105
18282 18336 18281
18337 18336 18282
18337 18390 18336
18337 18391 18390
18338 18391 18337
18338 18392 18391
18339 18392 18338
18339 18393 18392
18340 18393 18339
18340 18394 18393
18341 18394 18340
18395 18394 18341
18395 18447 18394
18395 18448 18447
18396 18448 18395
18449 18448 18396
18449 18500 18448
18449 18501 18500
18450 18501 18449
18450 18502 18501
18450 18451 18398
18398 18451 18450
18399 18451 18398
18399 18452 18451
18399 18400 18346
