<?xml version="1.0" encoding="UTF-8"?>
<BorderFile Version="3" Structure="CORTEX_RIGHT" SurfaceNumberOfVertices="163842">
    <MetaData>
        <MD>
            <Name>ParentProvenance</Name>
            <Value>sym_surface/0.3mm/fsaverage_LR164k/civm.R.white.164k_fs_LR.surf.gii:
/mnt/d/Ubuntu18.04/rootfs/home/luyuheng/local/workbench-1.4.2/bin_linux64/../exe_linux64/wb_command -surface-apply-affine /mnt/e/CASIA/NeuroData/BNA_Macaque/Macaque_Brainnetome_ROIs/surf_ver4.1/symmetry_surface/fsaverage_LR164k/civm.R.white.164k_fs_LR.surf.gii acpc2tem.mat /mnt/e/CASIA/NeuroData/BNA_Macaque/Macaque_Brainnetome_ROIs/surf_ver4.1/symmetry_surface/0.3mm/fsaverage_LR164k/civm.R.white.164k_fs_LR.surf.gii -flirt ./T2w_acpc_dc.nii.gz ./Template.nii.gz

group_8_addup124_164k_R.label.gii:
/mnt/d/Ubuntu18.04/rootfs/home/luyuheng/local/workbench-1.4.2/bin_linux64/../exe_linux64/wb_command -metric-label-import group_8_addup124_164k_R.label.gii BN_Macaque_Atlas_LUT124.txt group_8_addup124_164k_R.label.gii

</Value>
        </MD>
        <MD>
            <Name>ProgramProvenance</Name>
            <Value>Connectome Workbench
Type: Command Line Application
Version: 1.4.2
Qt Compiled Version: 5.7.0
Qt Runtime Version: 5.7.0
Commit: 092b7f2f7dfab0f9ea7cbb6c1db2e5dffd2c1045
Commit Date: 2020-01-07 17:24:23 -0600
Compiled with OpenMP: YES
Compiler: g++ (/home/caret/gcc/install/gcc-4.8.5/bin)
Compiler Version: 4.8.5
Compiled Debug: NO
Operating System: Linux
</Value>
        </MD>
        <MD>
            <Name>Provenance</Name>
            <Value>/mnt/d/Ubuntu18.04/rootfs/home/luyuheng/local/workbench-1.4.2/bin_linux64/../exe_linux64/wb_command -label-to-border sym_surface/0.3mm/fsaverage_LR164k/civm.R.white.164k_fs_LR.surf.gii group_8_addup124_164k_R.label.gii group_8_addup124_164k_R.border -placement 0.5</Value>
        </MD>
        <MD>
            <Name>WorkingDirectory</Name>
            <Value>/mnt/e/CASIA/NeuroData/BNA_Macaque/final_results/foruse_LR124</Value>
        </MD>
    </MetaData>
    <Class Name="#1" Red="0" Green="0" Blue="0">
        <Border Name="FP.d" Red="0" Green="0" Blue="1">
            <BorderPart Closed="True">
                <Vertices>98984 98983 103284
103284 98983 103195
103284 103195 98983
103284 103196 103195
103285 103196 103284
103285 103197 103196
103285 103286 103197
103373 103286 103285
103373 103374 103286
103460 103374 103373
103460 103461 103374
103546 103461 103460
103546 103547 103461
103631 103547 103546
103631 103632 103547
103715 103632 103631
103715 103716 103632
103798 103716 103715
103799 103716 103798
103799 103717 103716
103799 103800 103717
103881 103800 103799
103882 103800 103881
103882 103801 103800
103882 103883 103801
103963 103883 103882
103963 103964 103883
104043 103964 103963
104043 104044 103964
104043 104122 104121
104121 104122 104043
104121 104199 104198
104198 104199 104121
104198 104275 104274
104274 104275 104198
104274 104350 98996
98996 104350 104274
98997 104350 98996
98997 104425 104350
98997 98998 104425
139891 98998 98997
139891 139892 98998
140017 139892 139891
140017 140018 139892
140142 140018 140017
140142 140143 140018
140266 140143 140142
140266 140267 140143
140389 140267 140266
140390 140267 140389
140390 140268 140267
140391 140268 140390
140391 140269 140268
140391 140392 140269
140513 140392 140391
140514 140392 140513
140514 140393 140392
140515 140393 140514
140515 140394 140393
140515 140516 140394
140636 140516 140515
140636 140637 140516
140636 140756 140755
140755 140756 140636
140874 140756 140755
140874 140875 140756
140874 140992 140991
140991 140992 140874
141108 140992 140991
141108 141109 140992
141108 141224 141223
141223 141224 141108
141338 141224 141223
141338 141339 141224
141338 141452 141451
141451 141452 141338
141451 141564 141563
141563 141564 141451
141563 141675 141674
141563 141674 141562
141562 141674 141673
141673 141674 141562
141673 141784 141783
141673 141783 141672
141672 141783 141782
141782 141783 141672
141782 141892 141891
141891 141892 141782
141891 142000 141999
141891 141999 141890
141890 141999 141998
141998 141999 141890
141998 142106 142105
142105 142106 141998
142105 142212 142211
142105 142211 142104
142104 142211 142210
142210 142211 142104
142210 142316 142315
142315 142316 142210
142315 142420 142419
142419 142420 142315
142419 142523 142522
142522 142523 142419
142522 142625 142624
142522 142624 142521
142521 142624 142623
142623 142624 142521
142623 142725 142724
142724 142725 142623
142724 142825 142824
142724 142824 142723
142724 142723 142622
142622 142723 142621
142621 142723 142722
142621 142722 142620
142620 142722 142721
142620 142721 142619
142620 142619 142517
142517 142619 142516
142516 142619 142618
142516 142618 142515
142516 142515 142412
142412 142515 142411
142412 142411 142307
142307 142411 142306
142306 142411 142410
142306 142410 142305
142306 142305 142200
142200 142305 142199
142200 142199 142093
142093 142199 142092
142092 142199 142198
142092 142198 142091
142092 142091 141984
141984 142091 141983
141984 141983 141875
141875 141983 141874
141875 141874 141765
141875 141765 141874
141766 141765 141655
141655 141765 141654
141655 141654 141543
141543 141654 141542
141543 141542 141430
141430 141542 141429
141430 141429 141316
141316 141429 141315
141316 141315 141201
141201 141315 141200
141201 141200 141085
141085 141200 141084
141085 141084 140968
140968 141084 140967
140968 140967 140850
140968 140850 140967
140851 140850 140732
140732 140850 140731
140732 140731 140612
140732 140612 140731
140613 140612 140492
140492 140612 140491
140492 140491 140370
140492 140370 140491
140371 140370 140248
140371 140248 140370
140249 140248 140125
140249 140125 140248
140126 140125 140001
140126 140001 140125
140002 140001 139876
140002 139876 140001
139877 139876 98983
139877 98983 139876
</Vertices>
                <Weights>0.5 0.5 0
0.5 0.5 0
0.5 0.5 0
0.5 0.5 0
0.5 0.5 0
0.5 0.5 0
0.5 0.5 0
0.5 0.5 0
0.5 0.5 0
0.5 0.5 0
0.5 0.5 0
0.5 0.5 0
0.5 0.5 0
0.5 0.5 0
0.5 0.5 0
0.5 0.5 0
0.5 0.5 0
0.5 0.5 0
0.5 0.5 0
0.5 0.5 0
0.5 0.5 0
0.5 0.5 0
0.5 0.5 0
0.5 0.5 0
0.5 0.5 0
0.5 0.5 0
0.5 0.5 0
0.5 0.5 0
0.5 0.5 0
0.5 0.5 0
0.5 0.5 0
0.5 0.5 0
0.5 0.5 0
0.5 0.5 0
0.5 0.5 0
0.5 0.5 0
0.5 0.5 0
0.5 0.5 0
0.5 0.5 0
0.5 0.5 0
0.5 0.5 0
0.5 0.5 0
0.5 0.5 0
0.5 0.5 0
0.5 0.5 0
0.5 0.5 0
0.5 0.5 0
0.5 0.5 0
0.5 0.5 0
0.5 0.5 0
0.5 0.5 0
0.5 0.5 0
0.5 0.5 0
0.5 0.5 0
0.5 0.5 0
0.5 0.5 0
0.5 0.5 0
0.5 0.5 0
0.5 0.5 0
0.5 0.5 0
0.5 0.5 0
0.5 0.5 0
0.5 0.5 0
0.5 0.5 0
0.5 0.5 0
0.5 0.5 0
0.5 0.5 0
0.5 0.5 0
0.5 0.5 0
0.5 0.5 0
0.5 0.5 0
0.5 0.5 0
0.5 0.5 0
0.5 0.5 0
0.5 0.5 0
0.5 0.5 0
0.5 0.5 0
0.5 0.5 0
0.5 0.5 0
0.5 0.5 0
0.5 0.5 0
0.5 0.5 0
0.5 0.5 0
0.5 0.5 0
0.5 0.5 0
0.5 0.5 0
0.5 0.5 0
0.5 0.5 0
0.5 0.5 0
0.5 0.5 0
0.5 0.5 0
0.5 0.5 0
0.5 0.5 0
0.5 0.5 0
0.5 0.5 0
0.5 0.5 0
0.5 0.5 0
0.5 0.5 0
0.5 0.5 0
0.5 0.5 0
0.5 0.5 0
0.5 0.5 0
0.5 0.5 0
0.5 0.5 0
0.5 0.5 0
0.5 0.5 0
0.5 0.5 0
0.5 0.5 0
0.5 0.5 0
0.5 0.5 0
0.5 0.5 0
0.5 0.5 0
0.5 0.5 0
0.5 0.5 0
0.5 0.5 0
0.5 0.5 0
0.5 0.5 0
0.5 0.5 0
0.5 0.5 0
0.5 0.5 0
0.5 0.5 0
0.5 0.5 0
0.5 0.5 0
0.5 0.5 0
0.5 0.5 0
0.5 0.5 0
0.5 0.5 0
0.5 0.5 0
0.5 0.5 0
0.5 0.5 0
0.5 0.5 0
0.5 0.5 0
0.5 0.5 0
0.5 0.5 0
0.5 0.5 0
0.5 0.5 0
0.5 0.5 0
0.5 0.5 0
0.5 0.5 0
0.5 0.5 0
0.5 0.5 0
0.5 0.5 0
0.5 0.5 0
0.5 0.5 0
0.5 0.5 0
0.5 0.5 0
0.5 0.5 0
0.5 0.5 0
0.5 0.5 0
0.5 0.5 0
0.5 0.5 0
0.5 0.5 0
0.5 0.5 0
0.5 0.5 0
0.5 0.5 0
0.5 0.5 0
0.5 0.5 0
0.5 0.5 0
0.5 0.5 0
0.5 0.5 0
0.5 0.5 0
0.5 0.5 0
0.5 0.5 0
0.5 0.5 0
0.5 0.5 0
0.5 0.5 0
0.5 0.5 0
0.5 0.5 0
0.5 0.5 0
0.5 0.5 0
0.5 0.5 0
0.5 0.5 0
0.5 0.5 0
0.5 0.5 0
</Weights>
            </BorderPart>
        </Border>
        <Border Name="FP.m" Red="1" Green="0" Blue="0">
            <BorderPart Closed="True">
                <Vertices>98998 98997 104425
104425 98997 104350
104350 98997 98996
104350 98996 104274
104350 104274 98996
104275 104274 104198
104275 104198 104274
104199 104198 104121
104199 104121 104198
104122 104121 104043
104122 104043 104121
104044 104043 103964
104044 103964 104043
104044 103965 103964
104045 103965 104044
104045 103966 103965
104045 104046 103966
104124 104046 104045
104125 104046 104124
104125 104047 104046
104126 104047 104125
104126 104048 104047
104126 104127 104048
104204 104127 104126
104205 104127 104204
104205 104128 104127
104206 104128 104205
104206 104129 104128
104207 104129 104206
104207 104130 104129
104208 104130 104207
104131 104130 104052
104131 104052 104130
104131 104053 104052
104132 104053 104131
104132 104054 104053
104133 104054 104132
104055 104054 103975
104055 103975 104054
104055 103976 103975
104056 103976 104055
103977 103976 103896
103977 103896 103976
103897 103896 103815
103897 103815 103896
103816 103815 103733
103816 103733 103815
103734 103733 103650
103734 103650 103733
103734 103651 103650
103735 103651 103734
103652 103651 103567
103652 103567 103651
103568 103567 103482
103568 103482 103567
103568 103483 103482
103568 103569 103483
103568 103653 103652
103652 103653 103568
103736 103653 103652
103736 103737 103653
103819 103737 103736
103819 103820 103737
103901 103820 103819
103901 103902 103820
103901 103982 103981
103981 103982 103901
104061 103982 103981
104061 104062 103982
104061 104140 104139
104139 104140 104061
104139 104217 104216
104216 104217 104139
104216 104293 104292
104292 104293 104216
104292 104368 104367
104367 104368 104292
104367 104442 104441
104441 104442 104367
104441 104515 104514
104514 104515 104441
104514 104587 104586
104586 104587 104514
104586 104658 104657
104657 104658 104586
104657 104728 104727
104727 104728 104657
104727 104797 104796
104796 104797 104727
104796 104865 104864
104864 104865 104796
104864 104932 104931
104931 104932 104864
104931 104998 104997
104997 104998 104931
104997 105063 105062
105062 105063 104997
105062 105127 105126
105126 105127 105062
105126 105190 105189
105126 105189 105125
105125 105189 105188
105188 105189 105125
105188 105251 105250
105250 105251 105188
105250 105312 105311
105311 105312 105250
105311 105372 105371
105311 105371 105310
105310 105371 105370
105370 105371 105310
105370 105430 99012
105370 99012 99011
99011 99012 105370
99011 139905 139904
99011 139904 99010
99010 139904 139903
139903 139904 99010
139903 140029 140028
140028 140029 139903
140028 140153 140152
140152 140153 140028
140152 140276 140275
140275 140276 140152
140275 140398 140397
140275 140397 140274
140274 140397 140396
140396 140397 140274
140396 140518 140517
140396 140517 140395
140395 140517 140516
140516 140517 140395
140516 140637 140636
140516 140636 140515
140516 140515 140394
140394 140515 140393
140393 140515 140514
140393 140514 140392
140392 140514 140513
140392 140513 140391
140392 140391 140269
140269 140391 140268
140268 140391 140390
140268 140390 140267
140267 140390 140389
140267 140389 140266
140267 140266 140143
140143 140266 140142
140143 140142 140018
140018 140142 140017
140018 140017 139892
139892 140017 139891
139892 139891 98998
98998 139891 98997
</Vertices>
                <Weights>0.5 0.5 0
0.5 0.5 0
0.5 0.5 0
0.5 0.5 0
0.5 0.5 0
0.5 0.5 0
0.5 0.5 0
0.5 0.5 0
0.5 0.5 0
0.5 0.5 0
0.5 0.5 0
0.5 0.5 0
0.5 0.5 0
0.5 0.5 0
0.5 0.5 0
0.5 0.5 0
0.5 0.5 0
0.5 0.5 0
0.5 0.5 0
0.5 0.5 0
0.5 0.5 0
0.5 0.5 0
0.5 0.5 0
0.5 0.5 0
0.5 0.5 0
0.5 0.5 0
0.5 0.5 0
0.5 0.5 0
0.5 0.5 0
0.5 0.5 0
0.5 0.5 0
0.5 0.5 0
0.5 0.5 0
0.5 0.5 0
0.5 0.5 0
0.5 0.5 0
0.5 0.5 0
0.5 0.5 0
0.5 0.5 0
0.5 0.5 0
0.5 0.5 0
0.5 0.5 0
0.5 0.5 0
0.5 0.5 0
0.5 0.5 0
0.5 0.5 0
0.5 0.5 0
0.5 0.5 0
0.5 0.5 0
0.5 0.5 0
0.5 0.5 0
0.5 0.5 0
0.5 0.5 0
0.5 0.5 0
0.5 0.5 0
0.5 0.5 0
0.5 0.5 0
0.5 0.5 0
0.5 0.5 0
0.5 0.5 0
0.5 0.5 0
0.5 0.5 0
0.5 0.5 0
0.5 0.5 0
0.5 0.5 0
0.5 0.5 0
0.5 0.5 0
0.5 0.5 0
0.5 0.5 0
0.5 0.5 0
0.5 0.5 0
0.5 0.5 0
0.5 0.5 0
0.5 0.5 0
0.5 0.5 0
0.5 0.5 0
0.5 0.5 0
0.5 0.5 0
0.5 0.5 0
0.5 0.5 0
0.5 0.5 0
0.5 0.5 0
0.5 0.5 0
0.5 0.5 0
0.5 0.5 0
0.5 0.5 0
0.5 0.5 0
0.5 0.5 0
0.5 0.5 0
0.5 0.5 0
0.5 0.5 0
0.5 0.5 0
0.5 0.5 0
0.5 0.5 0
0.5 0.5 0
0.5 0.5 0
0.5 0.5 0
0.5 0.5 0
0.5 0.5 0
0.5 0.5 0
0.5 0.5 0
0.5 0.5 0
0.5 0.5 0
0.5 0.5 0
0.5 0.5 0
0.5 0.5 0
0.5 0.5 0
0.5 0.5 0
0.5 0.5 0
0.5 0.5 0
0.5 0.5 0
0.5 0.5 0
0.5 0.5 0
0.5 0.5 0
0.5 0.5 0
0.5 0.5 0
0.5 0.5 0
0.5 0.5 0
0.5 0.5 0
0.5 0.5 0
0.5 0.5 0
0.5 0.5 0
0.5 0.5 0
0.5 0.5 0
0.5 0.5 0
0.5 0.5 0
0.5 0.5 0
0.5 0.5 0
0.5 0.5 0
0.5 0.5 0
0.5 0.5 0
0.5 0.5 0
0.5 0.5 0
0.5 0.5 0
0.5 0.5 0
0.5 0.5 0
0.5 0.5 0
0.5 0.5 0
0.5 0.5 0
0.5 0.5 0
0.5 0.5 0
0.5 0.5 0
0.5 0.5 0
0.5 0.5 0
0.5 0.5 0
0.5 0.5 0
0.5 0.5 0
0.5 0.5 0
0.5 0.5 0
0.5 0.5 0
0.5 0.5 0
0.5 0.5 0
0.5 0.5 0
0.5 0.5 0
</Weights>
            </BorderPart>
        </Border>
        <Border Name="FP.v" Red="0" Green="1" Blue="0">
            <BorderPart Closed="True">
                <Vertices>101968 101865 101967
101968 101967 101865
102069 101967 102068
102068 101967 101966
102068 101966 102067
102068 102067 101966
102168 102067 102167
102167 102067 102066
102167 102066 102166
102167 102166 102066
102266 102166 102265
102265 102166 102165
102265 102165 102264
102265 102264 102165
102363 102264 102362
102363 102362 102264
102460 102362 102459
102460 102459 102362
102556 102459 102555
102555 102459 102458
102555 102458 102554
102555 102554 102458
102650 102554 102649
102650 102649 102554
102744 102649 102743
102743 102649 102648
102743 102648 102742
102743 102742 102648
102836 102742 102835
102835 102742 102741
102835 102741 102834
102835 102834 102741
102927 102834 102926
102927 102926 102834
103018 102926 103017
103018 103017 102926
103108 103017 103107
103108 103107 103017
103197 103107 103196
103197 103196 103107
103197 103285 103196
103286 103285 103197
103286 103373 103285
103374 103373 103286
103374 103460 103373
103461 103460 103374
103461 103546 103460
103547 103546 103461
103547 103631 103546
103632 103631 103547
103632 103715 103631
103716 103715 103632
103716 103798 103715
103716 103799 103798
103717 103799 103716
103800 103799 103717
103800 103881 103799
103800 103882 103881
103801 103882 103800
103883 103882 103801
103883 103963 103882
103964 103963 103883
103964 104043 103963
103964 104044 104043
103965 104044 103964
103965 104045 104044
103966 104045 103965
104046 104045 103966
104046 104124 104045
104046 104125 104124
104047 104125 104046
104047 104126 104125
104048 104126 104047
104127 104126 104048
104127 104204 104126
104127 104205 104204
104128 104205 104127
104128 104206 104205
104129 104206 104128
104129 104207 104206
104130 104207 104129
104130 104208 104207
104130 104131 104052
104052 104131 104130
104053 104131 104052
104053 104132 104131
104054 104132 104053
104054 104133 104132
104054 104055 103975
103975 104055 104054
103976 104055 103975
103976 104056 104055
103976 103977 103896
103896 103977 103976
103896 103897 103815
103815 103897 103896
103815 103816 103733
103733 103816 103815
103733 103734 103650
103650 103734 103733
103651 103734 103650
103651 103735 103734
103651 103652 103567
103567 103652 103651
103567 103568 103482
103482 103568 103567
103482 103483 103396
103396 103483 103482
103396 103397 103309
103309 103397 103396
103309 103310 103221
103309 103221 103220
103220 103221 103131
103220 103131 103130
103130 103131 103040
103040 103131 103130
103040 103041 102949
103040 102949 102948
102948 102949 102856
102948 102856 102855
102855 102856 102762
102855 102762 102761
102761 102762 102667
102761 102667 102666
102666 102667 102571
102666 102571 102570
102570 102571 102474
102570 102474 102473
102473 102474 102376
102473 102376 102375
102473 102375 102472
102472 102375 102374
102374 102375 102276
102374 102276 102275
102275 102276 102176
102275 102176 102175
102275 102175 102274
102274 102175 102174
102174 102175 102074
102174 102074 102073
102174 102073 102173
102173 102073 102072
102072 102073 101971
102072 101971 101970
101970 101971 101868
101970 101868 101867
101970 101867 101969
101969 101867 101866
101969 101866 101968
101968 101866 101865
</Vertices>
                <Weights>0.5 0.5 0
0.5 0.5 0
0.5 0.5 0
0.5 0.5 0
0.5 0.5 0
0.5 0.5 0
0.5 0.5 0
0.5 0.5 0
0.5 0.5 0
0.5 0.5 0
0.5 0.5 0
0.5 0.5 0
0.5 0.5 0
0.5 0.5 0
0.5 0.5 0
0.5 0.5 0
0.5 0.5 0
0.5 0.5 0
0.5 0.5 0
0.5 0.5 0
0.5 0.5 0
0.5 0.5 0
0.5 0.5 0
0.5 0.5 0
0.5 0.5 0
0.5 0.5 0
0.5 0.5 0
0.5 0.5 0
0.5 0.5 0
0.5 0.5 0
0.5 0.5 0
0.5 0.5 0
0.5 0.5 0
0.5 0.5 0
0.5 0.5 0
0.5 0.5 0
0.5 0.5 0
0.5 0.5 0
0.5 0.5 0
0.5 0.5 0
0.5 0.5 0
0.5 0.5 0
0.5 0.5 0
0.5 0.5 0
0.5 0.5 0
0.5 0.5 0
0.5 0.5 0
0.5 0.5 0
0.5 0.5 0
0.5 0.5 0
0.5 0.5 0
0.5 0.5 0
0.5 0.5 0
0.5 0.5 0
0.5 0.5 0
0.5 0.5 0
0.5 0.5 0
0.5 0.5 0
0.5 0.5 0
0.5 0.5 0
0.5 0.5 0
0.5 0.5 0
0.5 0.5 0
0.5 0.5 0
0.5 0.5 0
0.5 0.5 0
0.5 0.5 0
0.5 0.5 0
0.5 0.5 0
0.5 0.5 0
0.5 0.5 0
0.5 0.5 0
0.5 0.5 0
0.5 0.5 0
0.5 0.5 0
0.5 0.5 0
0.5 0.5 0
0.5 0.5 0
0.5 0.5 0
0.5 0.5 0
0.5 0.5 0
0.5 0.5 0
0.5 0.5 0
0.5 0.5 0
0.5 0.5 0
0.5 0.5 0
0.5 0.5 0
0.5 0.5 0
0.5 0.5 0
0.5 0.5 0
0.5 0.5 0
0.5 0.5 0
0.5 0.5 0
0.5 0.5 0
0.5 0.5 0
0.5 0.5 0
0.5 0.5 0
0.5 0.5 0
0.5 0.5 0
0.5 0.5 0
0.5 0.5 0
0.5 0.5 0
0.5 0.5 0
0.5 0.5 0
0.5 0.5 0
0.5 0.5 0
0.5 0.5 0
0.5 0.5 0
0.5 0.5 0
0.5 0.5 0
0.5 0.5 0
0.5 0.5 0
0.5 0.5 0
0.5 0.5 0
0.5 0.5 0
0.5 0.5 0
0.5 0.5 0
0.5 0.5 0
0.5 0.5 0
0.5 0.5 0
0.5 0.5 0
0.5 0.5 0
0.5 0.5 0
0.5 0.5 0
0.5 0.5 0
0.5 0.5 0
0.5 0.5 0
0.5 0.5 0
0.5 0.5 0
0.5 0.5 0
0.5 0.5 0
0.5 0.5 0
0.5 0.5 0
0.5 0.5 0
0.5 0.5 0
0.5 0.5 0
0.5 0.5 0
0.5 0.5 0
0.5 0.5 0
0.5 0.5 0
0.5 0.5 0
0.5 0.5 0
0.5 0.5 0
0.5 0.5 0
0.5 0.5 0
0.5 0.5 0
0.5 0.5 0
0.5 0.5 0
0.5 0.5 0
0.5 0.5 0
</Weights>
            </BorderPart>
        </Border>
        <Border Name="SFG.rm" Red="0.619608" Green="0.27451" Blue="0.207843">
            <BorderPart Closed="True">
                <Vertices>141564 141451 141563
141564 141563 141451
141675 141563 141674
141674 141563 141562
141674 141562 141673
141674 141673 141562
141784 141673 141783
141783 141673 141672
141783 141672 141782
141783 141782 141672
141892 141782 141891
141892 141891 141782
142000 141891 141999
141999 141891 141890
141999 141890 141998
141999 141998 141890
142106 141998 142105
142106 142105 141998
142212 142105 142211
142211 142105 142104
142211 142104 142210
142211 142210 142104
142316 142210 142315
142316 142315 142210
142420 142315 142419
142420 142419 142315
142523 142419 142522
142523 142522 142419
142625 142522 142624
142624 142522 142521
142624 142521 142623
142624 142623 142521
142725 142623 142724
142725 142724 142623
142825 142724 142824
142825 142824 142724
142924 142824 142923
142924 142923 142824
142924 143022 142923
143023 143022 142924
143023 143120 143022
143121 143120 143023
143217 143120 143216
143217 143216 143120
143217 143312 143216
143313 143312 143217
143313 143407 143312
143408 143407 143313
143501 143407 143500
143501 143500 143407
143501 143593 143500
143594 143593 143501
143594 143685 143593
143686 143685 143594
143686 143776 143685
143777 143776 143686
143777 143866 143776
143867 143866 143777
143867 143955 143866
143956 143955 143867
143956 144043 143955
144044 144043 143956
144044 144130 144043
144131 144130 144044
144216 144130 144215
144216 144215 144130
144216 144300 144215
144216 144301 144300
144217 144301 144216
144217 144302 144301
144218 144302 144217
144303 144302 144218
144303 144386 144302
144303 144387 144386
144304 144387 144303
144304 144388 144387
144305 144388 144304
144305 144389 144388
144306 144389 144305
144306 144390 144389
144307 144390 144306
144307 144391 144390
144307 144308 144223
144223 144308 144307
144224 144308 144223
144224 144309 144308
144225 144309 144224
144225 144310 144309
144226 144310 144225
144226 144311 144310
144226 144227 144141
144141 144227 144226
144142 144227 144141
144142 144228 144227
144142 144143 144056
144056 144143 144142
144057 144143 144056
144057 144144 144143
144058 144144 144057
144058 144145 144144
144059 144145 144058
144059 144146 144145
144060 144146 144059
144060 144147 144146
144061 144147 144060
144061 144148 144147
144061 144062 143974
143974 144062 144061
143975 144062 143974
143975 144063 144062
143976 144063 143975
143976 144064 144063
143977 144064 143976
143977 144065 144064
143977 143978 143889
143977 143889 143888
143888 143889 143799
143799 143889 143888
143799 143800 143709
143709 143800 143799
143709 143710 143618
143709 143618 143617
143617 143618 143525
143525 143618 143617
143525 143526 143432
143525 143432 143431
143431 143432 143337
143337 143432 143431
143337 143338 143242
143337 143242 143241
143241 143242 143145
143145 143242 143241
143145 143146 143048
143145 143048 143047
143047 143048 142949
143047 142949 142948
142948 142949 142849
142849 142949 142948
142849 142850 142749
142849 142749 142748
142748 142749 142647
142647 142749 142748
142647 142648 142545
142647 142545 142544
142544 142545 142441
142544 142441 142440
142440 142441 142336
142336 142441 142440
142336 142337 142231
142336 142231 142230
142336 142230 142335
142335 142230 142229
142335 142229 142334
142334 142229 142228
142228 142229 142122
142228 142122 142121
142228 142121 142227
142227 142121 142120
142227 142120 142226
142226 142120 142119
142119 142120 142012
142119 142012 142011
142119 142011 142118
142118 142011 142010
142010 142011 141902
142010 141902 141901
142010 141901 142009
142009 141901 141900
141900 141901 141791
141900 141791 141790
141900 141790 141899
141899 141790 141789
141789 141790 141679
141789 141679 141678
141789 141678 141788
141788 141678 141677
141677 141678 141566
141677 141566 141565
141677 141565 141676
141676 141565 141564
141564 141565 141452
141564 141452 141451
</Vertices>
                <Weights>0.5 0.5 0
0.5 0.5 0
0.5 0.5 0
0.5 0.5 0
0.5 0.5 0
0.5 0.5 0
0.5 0.5 0
0.5 0.5 0
0.5 0.5 0
0.5 0.5 0
0.5 0.5 0
0.5 0.5 0
0.5 0.5 0
0.5 0.5 0
0.5 0.5 0
0.5 0.5 0
0.5 0.5 0
0.5 0.5 0
0.5 0.5 0
0.5 0.5 0
0.5 0.5 0
0.5 0.5 0
0.5 0.5 0
0.5 0.5 0
0.5 0.5 0
0.5 0.5 0
0.5 0.5 0
0.5 0.5 0
0.5 0.5 0
0.5 0.5 0
0.5 0.5 0
0.5 0.5 0
0.5 0.5 0
0.5 0.5 0
0.5 0.5 0
0.5 0.5 0
0.5 0.5 0
0.5 0.5 0
0.5 0.5 0
0.5 0.5 0
0.5 0.5 0
0.5 0.5 0
0.5 0.5 0
0.5 0.5 0
0.5 0.5 0
0.5 0.5 0
0.5 0.5 0
0.5 0.5 0
0.5 0.5 0
0.5 0.5 0
0.5 0.5 0
0.5 0.5 0
0.5 0.5 0
0.5 0.5 0
0.5 0.5 0
0.5 0.5 0
0.5 0.5 0
0.5 0.5 0
0.5 0.5 0
0.5 0.5 0
0.5 0.5 0
0.5 0.5 0
0.5 0.5 0
0.5 0.5 0
0.5 0.5 0
0.5 0.5 0
0.5 0.5 0
0.5 0.5 0
0.5 0.5 0
0.5 0.5 0
0.5 0.5 0
0.5 0.5 0
0.5 0.5 0
0.5 0.5 0
0.5 0.5 0
0.5 0.5 0
0.5 0.5 0
0.5 0.5 0
0.5 0.5 0
0.5 0.5 0
0.5 0.5 0
0.5 0.5 0
0.5 0.5 0
0.5 0.5 0
0.5 0.5 0
0.5 0.5 0
0.5 0.5 0
0.5 0.5 0
0.5 0.5 0
0.5 0.5 0
0.5 0.5 0
0.5 0.5 0
0.5 0.5 0
0.5 0.5 0
0.5 0.5 0
0.5 0.5 0
0.5 0.5 0
0.5 0.5 0
0.5 0.5 0
0.5 0.5 0
0.5 0.5 0
0.5 0.5 0
0.5 0.5 0
0.5 0.5 0
0.5 0.5 0
0.5 0.5 0
0.5 0.5 0
0.5 0.5 0
0.5 0.5 0
0.5 0.5 0
0.5 0.5 0
0.5 0.5 0
0.5 0.5 0
0.5 0.5 0
0.5 0.5 0
0.5 0.5 0
0.5 0.5 0
0.5 0.5 0
0.5 0.5 0
0.5 0.5 0
0.5 0.5 0
0.5 0.5 0
0.5 0.5 0
0.5 0.5 0
0.5 0.5 0
0.5 0.5 0
0.5 0.5 0
0.5 0.5 0
0.5 0.5 0
0.5 0.5 0
0.5 0.5 0
0.5 0.5 0
0.5 0.5 0
0.5 0.5 0
0.5 0.5 0
0.5 0.5 0
0.5 0.5 0
0.5 0.5 0
0.5 0.5 0
0.5 0.5 0
0.5 0.5 0
0.5 0.5 0
0.5 0.5 0
0.5 0.5 0
0.5 0.5 0
0.5 0.5 0
0.5 0.5 0
0.5 0.5 0
0.5 0.5 0
0.5 0.5 0
0.5 0.5 0
0.5 0.5 0
0.5 0.5 0
0.5 0.5 0
0.5 0.5 0
0.5 0.5 0
0.5 0.5 0
0.5 0.5 0
0.5 0.5 0
0.5 0.5 0
0.5 0.5 0
0.5 0.5 0
0.5 0.5 0
0.5 0.5 0
0.5 0.5 0
0.5 0.5 0
0.5 0.5 0
0.5 0.5 0
0.5 0.5 0
0.5 0.5 0
0.5 0.5 0
0.5 0.5 0
0.5 0.5 0
0.5 0.5 0
0.5 0.5 0
0.5 0.5 0
0.5 0.5 0
0.5 0.5 0
0.5 0.5 0
0.5 0.5 0
0.5 0.5 0
0.5 0.5 0
</Weights>
            </BorderPart>
        </Border>
        <Border Name="SFG.cm" Red="0" Green="0.552941" Blue="1">
            <BorderPart Closed="True">
                <Vertices>144062 143974 144061
144062 144061 143974
144148 144061 144147
144147 144061 144060
144147 144060 144146
144146 144060 144059
144146 144059 144145
144145 144059 144058
144145 144058 144144
144144 144058 144057
144144 144057 144143
144143 144057 144056
144143 144056 144142
144143 144142 144056
144228 144142 144227
144227 144142 144141
144227 144141 144226
144227 144226 144141
144311 144226 144310
144310 144226 144225
144310 144225 144309
144309 144225 144224
144309 144224 144308
144308 144224 144223
144308 144223 144307
144308 144307 144223
144391 144307 144390
144390 144307 144306
144390 144306 144389
144389 144306 144305
144389 144305 144388
144388 144305 144304
144388 144304 144387
144387 144304 144303
144387 144303 144386
144386 144303 144302
144302 144303 144218
144302 144218 144217
144302 144217 144301
144301 144217 144216
144301 144216 144300
144301 144300 144216
144384 144300 144383
144384 144383 144300
144466 144383 144465
144465 144383 144382
144465 144382 144464
144465 144464 144382
144546 144464 144545
144546 144545 144464
144626 144545 144625
144625 144545 144544
144625 144544 144624
144625 144624 144544
144704 144624 144703
144704 144703 144624
144704 144782 144703
144783 144782 144704
144783 144860 144782
144861 144860 144783
144861 144937 144860
144938 144937 144861
144938 145013 144937
145014 145013 144938
145088 145013 145087
145088 145087 145013
145088 145161 145087
145162 145161 145088
145234 145161 145233
145234 145233 145161
145234 145305 145233
145306 145305 145234
145376 145305 145375
145376 145375 145305
145376 145445 145375
145446 145445 145376
145446 145514 145445
145515 145514 145446
145582 145514 145581
145582 145581 145514
145582 145648 145581
145649 145648 145582
145649 145714 145648
145715 145714 145649
145715 145779 145714
145715 145780 145779
145716 145780 145715
145716 145781 145780
145717 145781 145716
145782 145781 145717
145782 145845 145781
145782 145846 145845
145783 145846 145782
145783 145847 145846
145784 145847 145783
145848 145847 145784
145848 145910 145847
145848 145911 145910
145849 145911 145848
145849 145912 145911
145849 145850 145786
145786 145850 145849
145787 145850 145786
145787 145851 145850
145788 145851 145787
145788 145852 145851
145789 145852 145788
145789 145853 145852
145790 145853 145789
145790 145854 145853
145790 145791 145726
145726 145791 145790
145727 145791 145726
145727 145792 145791
145728 145792 145727
145728 145793 145792
145728 145729 145663
145663 145729 145728
145664 145729 145663
145664 145730 145729
145665 145730 145664
145665 145731 145730
145666 145731 145665
145666 145732 145731
145666 145667 145600
145600 145667 145666
145601 145667 145600
145601 145668 145667
145602 145668 145601
145602 145669 145668
145602 145603 145535
145535 145603 145602
145536 145603 145535
145536 145604 145603
145536 145537 145468
145468 145537 145536
145469 145537 145468
145469 145538 145537
145469 145470 145400
145400 145470 145469
145401 145470 145400
145401 145471 145470
145401 145402 145331
145331 145402 145401
145332 145402 145331
145332 145403 145402
145333 145403 145332
145333 145404 145403
145333 145334 145262
145262 145334 145333
145262 145263 145190
145190 145263 145262
145190 145191 145117
145117 145191 145190
145117 145118 145043
145043 145118 145117
145043 145044 144968
144968 145044 145043
144968 144969 144892
144968 144892 144891
144891 144892 144814
144891 144814 144813
144813 144814 144735
144813 144735 144734
144734 144735 144655
144734 144655 144654
144654 144655 144574
144654 144574 144573
144573 144574 144492
144573 144492 144491
144491 144492 144409
144491 144409 144408
144408 144409 144325
144408 144325 144324
144324 144325 144240
144324 144240 144239
144239 144240 144154
144239 144154 144153
144239 144153 144238
144238 144153 144152
144152 144153 144066
144152 144066 144065
144065 144066 143978
144065 143978 143977
144065 143977 144064
144064 143977 143976
144064 143976 144063
144063 143976 143975
144063 143975 144062
144062 143975 143974
</Vertices>
                <Weights>0.5 0.5 0
0.5 0.5 0
0.5 0.5 0
0.5 0.5 0
0.5 0.5 0
0.5 0.5 0
0.5 0.5 0
0.5 0.5 0
0.5 0.5 0
0.5 0.5 0
0.5 0.5 0
0.5 0.5 0
0.5 0.5 0
0.5 0.5 0
0.5 0.5 0
0.5 0.5 0
0.5 0.5 0
0.5 0.5 0
0.5 0.5 0
0.5 0.5 0
0.5 0.5 0
0.5 0.5 0
0.5 0.5 0
0.5 0.5 0
0.5 0.5 0
0.5 0.5 0
0.5 0.5 0
0.5 0.5 0
0.5 0.5 0
0.5 0.5 0
0.5 0.5 0
0.5 0.5 0
0.5 0.5 0
0.5 0.5 0
0.5 0.5 0
0.5 0.5 0
0.5 0.5 0
0.5 0.5 0
0.5 0.5 0
0.5 0.5 0
0.5 0.5 0
0.5 0.5 0
0.5 0.5 0
0.5 0.5 0
0.5 0.5 0
0.5 0.5 0
0.5 0.5 0
0.5 0.5 0
0.5 0.5 0
0.5 0.5 0
0.5 0.5 0
0.5 0.5 0
0.5 0.5 0
0.5 0.5 0
0.5 0.5 0
0.5 0.5 0
0.5 0.5 0
0.5 0.5 0
0.5 0.5 0
0.5 0.5 0
0.5 0.5 0
0.5 0.5 0
0.5 0.5 0
0.5 0.5 0
0.5 0.5 0
0.5 0.5 0
0.5 0.5 0
0.5 0.5 0
0.5 0.5 0
0.5 0.5 0
0.5 0.5 0
0.5 0.5 0
0.5 0.5 0
0.5 0.5 0
0.5 0.5 0
0.5 0.5 0
0.5 0.5 0
0.5 0.5 0
0.5 0.5 0
0.5 0.5 0
0.5 0.5 0
0.5 0.5 0
0.5 0.5 0
0.5 0.5 0
0.5 0.5 0
0.5 0.5 0
0.5 0.5 0
0.5 0.5 0
0.5 0.5 0
0.5 0.5 0
0.5 0.5 0
0.5 0.5 0
0.5 0.5 0
0.5 0.5 0
0.5 0.5 0
0.5 0.5 0
0.5 0.5 0
0.5 0.5 0
0.5 0.5 0
0.5 0.5 0
0.5 0.5 0
0.5 0.5 0
0.5 0.5 0
0.5 0.5 0
0.5 0.5 0
0.5 0.5 0
0.5 0.5 0
0.5 0.5 0
0.5 0.5 0
0.5 0.5 0
0.5 0.5 0
0.5 0.5 0
0.5 0.5 0
0.5 0.5 0
0.5 0.5 0
0.5 0.5 0
0.5 0.5 0
0.5 0.5 0
0.5 0.5 0
0.5 0.5 0
0.5 0.5 0
0.5 0.5 0
0.5 0.5 0
0.5 0.5 0
0.5 0.5 0
0.5 0.5 0
0.5 0.5 0
0.5 0.5 0
0.5 0.5 0
0.5 0.5 0
0.5 0.5 0
0.5 0.5 0
0.5 0.5 0
0.5 0.5 0
0.5 0.5 0
0.5 0.5 0
0.5 0.5 0
0.5 0.5 0
0.5 0.5 0
0.5 0.5 0
0.5 0.5 0
0.5 0.5 0
0.5 0.5 0
0.5 0.5 0
0.5 0.5 0
0.5 0.5 0
0.5 0.5 0
0.5 0.5 0
0.5 0.5 0
0.5 0.5 0
0.5 0.5 0
0.5 0.5 0
0.5 0.5 0
0.5 0.5 0
0.5 0.5 0
0.5 0.5 0
0.5 0.5 0
0.5 0.5 0
0.5 0.5 0
0.5 0.5 0
0.5 0.5 0
0.5 0.5 0
0.5 0.5 0
0.5 0.5 0
0.5 0.5 0
0.5 0.5 0
0.5 0.5 0
0.5 0.5 0
0.5 0.5 0
0.5 0.5 0
0.5 0.5 0
0.5 0.5 0
0.5 0.5 0
0.5 0.5 0
0.5 0.5 0
0.5 0.5 0
0.5 0.5 0
0.5 0.5 0
0.5 0.5 0
0.5 0.5 0
0.5 0.5 0
0.5 0.5 0
0.5 0.5 0
0.5 0.5 0
0.5 0.5 0
0.5 0.5 0
0.5 0.5 0
0.5 0.5 0
0.5 0.5 0
0.5 0.5 0
</Weights>
            </BorderPart>
        </Border>
        <Border Name="SFG.r" Red="1" Green="0.482353" Blue="0.862745">
            <BorderPart Closed="True">
                <Vertices>98968 98967 101740
98968 101740 98967
98968 101844 101740
98969 101844 98968
98969 101947 101844
98970 101947 98969
98970 102049 101947
98971 102049 98970
98971 102150 102049
98972 102150 98971
102250 102150 98972
102250 102151 102150
102250 102251 102151
102349 102251 102250
102350 102251 102349
102350 102252 102251
102351 102252 102350
102351 102253 102252
102351 102352 102253
102449 102352 102351
102450 102352 102449
102450 102353 102352
102450 102451 102353
102547 102451 102450
102548 102451 102547
102548 102452 102451
102548 102549 102452
102644 102549 102548
102644 102645 102549
102739 102645 102644
102740 102645 102739
102740 102646 102645
102740 102741 102646
102834 102741 102740
102834 102835 102741
102834 102927 102926
102926 102927 102834
102926 103018 103017
103017 103018 102926
103017 103108 103107
103107 103108 103017
103107 103197 103196
103196 103197 103107
103196 103285 103284
103196 103284 103195
103195 103284 98983
98983 103284 103195
98983 98984 103284
98983 139877 139876
139876 139877 98983
139876 140002 140001
140001 140002 139876
140001 140126 140125
140125 140126 140001
140125 140249 140248
140248 140249 140125
140248 140371 140370
140370 140371 140248
140370 140492 140491
140491 140492 140370
140612 140492 140491
140612 140613 140492
140612 140732 140731
140731 140732 140612
140850 140732 140731
140850 140851 140732
140850 140968 140967
140967 140968 140850
141084 140968 140967
141084 141085 140968
141200 141085 141084
141200 141201 141085
141315 141201 141200
141315 141316 141201
141429 141316 141315
141429 141430 141316
141542 141430 141429
141542 141543 141430
141654 141543 141542
141654 141655 141543
141765 141655 141654
141765 141766 141655
141765 141875 141874
141874 141875 141765
141983 141875 141874
141983 141984 141875
141983 142091 142090
141983 142090 141982
141982 142090 142089
141982 142089 141981
141981 142089 142088
141981 142088 141980
141980 142088 142087
141980 142087 141979
141979 142087 142086
141979 142086 141978
141978 142086 142085
141978 142085 141977
141977 142085 142084
141977 142084 141976
141976 142084 142083
141976 142083 141975
141976 141975 141867
141867 141975 141866
141866 141975 141974
141866 141974 141865
141865 141974 141973
141865 141973 141864
141865 141864 141755
141755 141864 141754
141755 141754 141644
141644 141754 141643
141644 141643 141532
141532 141643 141531
141531 141643 141642
141531 141642 141530
141531 141530 141418
141418 141530 141417
141418 141417 141304
141304 141417 141303
141304 141303 141189
141189 141303 141188
141188 141303 141302
141188 141302 141187
141188 141187 141072
141188 141072 141187
141073 141072 140956
140956 141072 140955
140956 140955 140838
140838 140955 140837
140838 140837 140719
140838 140719 140837
140720 140719 140600
140600 140719 140599
140600 140599 140479
140600 140479 140599
140480 140479 140358
140358 140479 140357
140358 140357 140235
140235 140357 140234
140235 140234 140111
140111 140234 140110
140111 140110 139986
140111 139986 140110
139987 139986 139861
139861 139986 139860
139861 139860 98967
139861 98967 139860
</Vertices>
                <Weights>0.5 0.5 0
0.5 0.5 0
0.5 0.5 0
0.5 0.5 0
0.5 0.5 0
0.5 0.5 0
0.5 0.5 0
0.5 0.5 0
0.5 0.5 0
0.5 0.5 0
0.5 0.5 0
0.5 0.5 0
0.5 0.5 0
0.5 0.5 0
0.5 0.5 0
0.5 0.5 0
0.5 0.5 0
0.5 0.5 0
0.5 0.5 0
0.5 0.5 0
0.5 0.5 0
0.5 0.5 0
0.5 0.5 0
0.5 0.5 0
0.5 0.5 0
0.5 0.5 0
0.5 0.5 0
0.5 0.5 0
0.5 0.5 0
0.5 0.5 0
0.5 0.5 0
0.5 0.5 0
0.5 0.5 0
0.5 0.5 0
0.5 0.5 0
0.5 0.5 0
0.5 0.5 0
0.5 0.5 0
0.5 0.5 0
0.5 0.5 0
0.5 0.5 0
0.5 0.5 0
0.5 0.5 0
0.5 0.5 0
0.5 0.5 0
0.5 0.5 0
0.5 0.5 0
0.5 0.5 0
0.5 0.5 0
0.5 0.5 0
0.5 0.5 0
0.5 0.5 0
0.5 0.5 0
0.5 0.5 0
0.5 0.5 0
0.5 0.5 0
0.5 0.5 0
0.5 0.5 0
0.5 0.5 0
0.5 0.5 0
0.5 0.5 0
0.5 0.5 0
0.5 0.5 0
0.5 0.5 0
0.5 0.5 0
0.5 0.5 0
0.5 0.5 0
0.5 0.5 0
0.5 0.5 0
0.5 0.5 0
0.5 0.5 0
0.5 0.5 0
0.5 0.5 0
0.5 0.5 0
0.5 0.5 0
0.5 0.5 0
0.5 0.5 0
0.5 0.5 0
0.5 0.5 0
0.5 0.5 0
0.5 0.5 0
0.5 0.5 0
0.5 0.5 0
0.5 0.5 0
0.5 0.5 0
0.5 0.5 0
0.5 0.5 0
0.5 0.5 0
0.5 0.5 0
0.5 0.5 0
0.5 0.5 0
0.5 0.5 0
0.5 0.5 0
0.5 0.5 0
0.5 0.5 0
0.5 0.5 0
0.5 0.5 0
0.5 0.5 0
0.5 0.5 0
0.5 0.5 0
0.5 0.5 0
0.5 0.5 0
0.5 0.5 0
0.5 0.5 0
0.5 0.5 0
0.5 0.5 0
0.5 0.5 0
0.5 0.5 0
0.5 0.5 0
0.5 0.5 0
0.5 0.5 0
0.5 0.5 0
0.5 0.5 0
0.5 0.5 0
0.5 0.5 0
0.5 0.5 0
0.5 0.5 0
0.5 0.5 0
0.5 0.5 0
0.5 0.5 0
0.5 0.5 0
0.5 0.5 0
0.5 0.5 0
0.5 0.5 0
0.5 0.5 0
0.5 0.5 0
0.5 0.5 0
0.5 0.5 0
0.5 0.5 0
0.5 0.5 0
0.5 0.5 0
0.5 0.5 0
0.5 0.5 0
0.5 0.5 0
0.5 0.5 0
0.5 0.5 0
0.5 0.5 0
0.5 0.5 0
0.5 0.5 0
0.5 0.5 0
0.5 0.5 0
0.5 0.5 0
0.5 0.5 0
0.5 0.5 0
0.5 0.5 0
0.5 0.5 0
0.5 0.5 0
0.5 0.5 0
</Weights>
            </BorderPart>
        </Border>
        <Border Name="SFG.ri" Red="0" Green="0.964706" Blue="1">
            <BorderPart Closed="True">
                <Vertices>98951 98950 99819
98951 99819 98950
98951 99940 99819
98952 99940 98951
98952 100060 99940
98953 100060 98952
98953 100179 100060
98954 100179 98953
98954 100297 100179
98955 100297 98954
98955 100414 100297
98956 100414 98955
98956 100530 100414
98957 100530 98956
98957 100645 100530
98958 100645 98957
98958 100759 100645
98959 100759 98958
98959 100872 100759
98960 100872 98959
100984 100872 98960
100984 100873 100872
100984 100985 100873
101095 100985 100984
101095 101096 100985
101205 101096 101095
101205 101206 101096
101205 101314 98963
98963 101314 101205
98964 101314 98963
98964 101422 101314
98965 101422 98964
98965 101529 101422
98965 98966 101529
139859 98966 98965
139860 98966 139859
139860 98967 98966
139860 139861 98967
139986 139861 139860
139986 139987 139861
139986 140111 140110
140110 140111 139986
140234 140111 140110
140234 140235 140111
140357 140235 140234
140357 140358 140235
140479 140358 140357
140479 140480 140358
140479 140600 140599
140599 140600 140479
140719 140600 140599
140719 140720 140600
140719 140838 140837
140837 140838 140719
140955 140838 140837
140955 140956 140838
141072 140956 140955
141072 141073 140956
141072 141188 141187
141187 141188 141072
141302 141188 141187
141303 141188 141302
141303 141189 141188
141303 141304 141189
141417 141304 141303
141417 141418 141304
141530 141418 141417
141530 141531 141418
141642 141531 141530
141643 141531 141642
141643 141532 141531
141643 141644 141532
141754 141644 141643
141754 141755 141644
141864 141755 141754
141864 141865 141755
141973 141865 141864
141974 141865 141973
141974 141866 141865
141975 141866 141974
141975 141867 141866
141975 141976 141867
142083 141976 141975
142084 141976 142083
142084 141977 141976
142085 141977 142084
142085 141978 141977
142086 141978 142085
142086 141979 141978
142087 141979 142086
142087 141980 141979
142088 141980 142087
142088 141981 141980
142089 141981 142088
142089 141982 141981
142090 141982 142089
142090 141983 141982
142091 141983 142090
142091 141984 141983
142091 142092 141984
142198 142092 142091
142199 142092 142198
142199 142093 142092
142199 142200 142093
142305 142200 142199
142305 142306 142200
142410 142306 142305
142411 142306 142410
142411 142307 142306
142411 142412 142307
142515 142412 142411
142515 142516 142412
142618 142516 142515
142619 142516 142618
142619 142517 142516
142619 142620 142517
142721 142620 142619
142722 142620 142721
142722 142621 142620
142723 142621 142722
142723 142622 142621
142723 142724 142622
142824 142724 142723
142824 142825 142724
142824 142924 142923
142923 142924 142824
143022 142924 142923
143022 143023 142924
143120 143023 143022
143120 143121 143023
143120 143217 143216
143216 143217 143120
143312 143217 143216
143312 143313 143217
143407 143313 143312
143407 143408 143313
143407 143501 143500
143500 143501 143407
143593 143501 143500
143593 143594 143501
143685 143594 143593
143685 143686 143594
143776 143686 143685
143776 143777 143686
143866 143777 143776
143866 143867 143777
143955 143867 143866
143955 143956 143867
144043 143956 143955
144043 144044 143956
144130 144044 144043
144130 144131 144044
144130 144216 144215
144215 144216 144130
144300 144216 144215
144300 144301 144216
144300 144384 144383
144383 144384 144300
144383 144466 144465
144383 144465 144382
144382 144465 144464
144464 144465 144382
144464 144546 144545
144545 144546 144464
144545 144626 144625
144545 144625 144544
144544 144625 144624
144624 144625 144544
144624 144704 144703
144624 144703 144623
144623 144703 144702
144623 144702 144622
144622 144702 144701
144622 144701 144621
144621 144701 144700
144621 144700 144620
144621 144620 144540
144540 144620 144539
144539 144620 144619
144539 144619 144538
144538 144619 144618
144538 144618 144537
144538 144537 144456
144456 144537 144455
144455 144537 144536
144455 144536 144454
144455 144454 144372
144372 144454 144371
144372 144371 144288
144288 144371 144287
144287 144371 144370
144287 144370 144286
144287 144286 144202
144202 144286 144201
144201 144286 144285
144201 144285 144200
144201 144200 144115
144115 144200 144114
144114 144200 144199
144114 144199 144113
144114 144113 144027
144027 144113 144026
144026 144113 144112
144026 144112 144025
144026 144025 143938
143938 144025 143937
143938 143937 143849
143849 143937 143848
143848 143937 143936
143848 143936 143847
143848 143847 143758
143758 143847 143757
143758 143757 143667
143667 143757 143666
143667 143666 143575
143575 143666 143574
143575 143574 143482
143482 143574 143481
143482 143481 143388
143388 143481 143387
143388 143387 143293
143293 143387 143292
143293 143292 143197
143197 143292 143196
143196 143292 143291
143196 143291 143195
143196 143195 143099
143099 143195 143098
143098 143195 143194
143098 143194 143097
143098 143097 143000
143000 143097 142999
142999 143097 143096
142999 143096 142998
142999 142998 142900
142900 142998 142899
142900 142899 142800
142800 142899 142799
142800 142799 142699
142699 142799 142698
142698 142799 142798
142698 142798 142697
142698 142697 142596
142596 142697 142595
142595 142697 142696
142595 142696 142594
142595 142594 142492
142492 142594 142491
142492 142491 142388
142388 142491 142387
142387 142491 142490
142387 142490 142386
142387 142386 142282
142282 142386 142281
142282 142281 142176
142176 142281 142175
142175 142281 142280
142175 142280 142174
142175 142174 142068
142068 142174 142067
142067 142174 142173
142067 142173 142066
142067 142066 141959
141959 142066 141958
141958 142066 142065
141958 142065 141957
141958 141957 141849
141849 141957 141848
141849 141848 141739
141739 141848 141738
