<?xml version="1.0" encoding="UTF-8"?>
<BorderFile Version="3" Structure="CORTEX_LEFT" SurfaceNumberOfVertices="32492">
    <MetaData>
        <MD>
            <Name>ParentProvenance</Name>
            <Value>sym_surface/0.3mm/fsaverage_LR32k/civm.L.white.32k_fs_LR.surf.gii:
/mnt/d/Ubuntu18.04/rootfs/home/luyuheng/local/workbench-1.4.2/bin_linux64/../exe_linux64/wb_command -surface-flip-lr /mnt/e/CASIA/NeuroData/BNA_Macaque/Macaque_Brainnetome_ROIs/surf_ver4.1/symmetry_surface/0.3mm/fsaverage_LR32k/civm.R.white.32k_fs_LR.surf.gii /mnt/e/CASIA/NeuroData/BNA_Macaque/Macaque_Brainnetome_ROIs/surf_ver4.1/symmetry_surface/0.3mm/fsaverage_LR32k/civm.L.white.32k_fs_LR.surf.gii

group_8_addup124_32k_L.label.gii:
/mnt/d/Ubuntu18.04/rootfs/home/luyuheng/local/workbench-1.4.2/bin_linux64/../exe_linux64/wb_command -metric-label-import group_8_addup124_32k_L.label.gii BN_Macaque_Atlas_LUT124.txt group_8_addup124_32k_L.label.gii

</Value>
        </MD>
        <MD>
            <Name>ProgramProvenance</Name>
            <Value>Connectome Workbench
Type: Command Line Application
Version: 1.4.2
Qt Compiled Version: 5.7.0
Qt Runtime Version: 5.7.0
Commit: 092b7f2f7dfab0f9ea7cbb6c1db2e5dffd2c1045
Commit Date: 2020-01-07 17:24:23 -0600
Compiled with OpenMP: YES
Compiler: g++ (/home/caret/gcc/install/gcc-4.8.5/bin)
Compiler Version: 4.8.5
Compiled Debug: NO
Operating System: Linux
</Value>
        </MD>
        <MD>
            <Name>Provenance</Name>
            <Value>/mnt/d/Ubuntu18.04/rootfs/home/luyuheng/local/workbench-1.4.2/bin_linux64/../exe_linux64/wb_command -label-to-border sym_surface/0.3mm/fsaverage_LR32k/civm.L.white.32k_fs_LR.surf.gii group_8_addup124_32k_L.label.gii group_8_addup124_32k_L.border -placement 0.5</Value>
        </MD>
        <MD>
            <Name>WorkingDirectory</Name>
            <Value>/mnt/e/CASIA/NeuroData/BNA_Macaque/final_results/foruse_LR124</Value>
        </MD>
    </MetaData>
    <Class Name="#1" Red="0" Green="0" Blue="0">
        <Border Name="FP.d" Red="0" Green="0" Blue="1">
            <BorderPart Closed="True">
                <Vertices>28109 28057 28108
28109 28108 28057
28159 28108 28158
28158 28108 28107
28158 28107 28157
28157 28107 28106
28157 28106 28156
28157 28156 28106
28206 28156 28205
28205 28156 28155
28205 28155 28204
28205 28204 28155
28253 28204 28252
28253 28252 28204
28300 28252 28299
28300 28299 28252
28346 28299 28345
28346 28345 28299
28346 28391 28345
28392 28391 28346
28392 28436 28391
28437 28436 28392
28437 28480 28436
28481 28480 28437
28523 28480 28522
28523 28522 28480
28523 28564 28522
28523 28565 28564
28524 28565 28523
28524 28566 28565
28525 28566 28524
28567 28566 28525
28567 28607 28566
28608 28607 28567
28608 28647 28607
28608 28648 28647
28609 28648 28608
28609 28649 28648
28609 28610 28569
28569 28610 28609
28569 28570 28528
28528 28570 28569
28529 28570 28528
28529 28571 28570
28529 28530 28487
28487 28530 28529
28487 28488 28444
28444 28488 28487
28445 28488 28444
28445 28489 28488
28445 28446 28401
28401 28446 28445
28401 28402 28356
28356 28402 28401
28356 28357 28310
28310 28357 28356
28310 28311 28263
28310 28263 28262
28262 28263 28214
28214 28263 28262
28214 28215 28165
28165 28215 28214
28165 28166 28115
28165 28115 28114
28165 28114 28164
28164 28114 28113
28164 28113 28163
28163 28113 28112
28163 28112 28162
28162 28112 28111
28162 28111 28161
28161 28111 28110
28161 28110 28160
28160 28110 28109
28109 28110 28058
28109 28058 28057
</Vertices>
                <Weights>0.5 0.5 0
0.5 0.5 0
0.5 0.5 0
0.5 0.5 0
0.5 0.5 0
0.5 0.5 0
0.5 0.5 0
0.5 0.5 0
0.5 0.5 0
0.5 0.5 0
0.5 0.5 0
0.5 0.5 0
0.5 0.5 0
0.5 0.5 0
0.5 0.5 0
0.5 0.5 0
0.5 0.5 0
0.5 0.5 0
0.5 0.5 0
0.5 0.5 0
0.5 0.5 0
0.5 0.5 0
0.5 0.5 0
0.5 0.5 0
0.5 0.5 0
0.5 0.5 0
0.5 0.5 0
0.5 0.5 0
0.5 0.5 0
0.5 0.5 0
0.5 0.5 0
0.5 0.5 0
0.5 0.5 0
0.5 0.5 0
0.5 0.5 0
0.5 0.5 0
0.5 0.5 0
0.5 0.5 0
0.5 0.5 0
0.5 0.5 0
0.5 0.5 0
0.5 0.5 0
0.5 0.5 0
0.5 0.5 0
0.5 0.5 0
0.5 0.5 0
0.5 0.5 0
0.5 0.5 0
0.5 0.5 0
0.5 0.5 0
0.5 0.5 0
0.5 0.5 0
0.5 0.5 0
0.5 0.5 0
0.5 0.5 0
0.5 0.5 0
0.5 0.5 0
0.5 0.5 0
0.5 0.5 0
0.5 0.5 0
0.5 0.5 0
0.5 0.5 0
0.5 0.5 0
0.5 0.5 0
0.5 0.5 0
0.5 0.5 0
0.5 0.5 0
0.5 0.5 0
0.5 0.5 0
0.5 0.5 0
0.5 0.5 0
0.5 0.5 0
0.5 0.5 0
0.5 0.5 0
0.5 0.5 0
0.5 0.5 0
</Weights>
            </BorderPart>
        </Border>
        <Border Name="FP.m" Red="1" Green="0" Blue="0">
            <BorderPart Closed="True">
                <Vertices>19807 19806 20997
20997 19806 20967
20997 20967 19806
20968 20967 20937
20968 20937 20967
20938 20937 20906
20938 20906 20937
20938 20907 20906
20939 20907 20938
20908 20907 20875
20908 20875 20907
20908 20876 20875
20909 20876 20908
20909 20877 20876
20909 20910 20877
20941 20910 20909
20941 20942 20910
20972 20942 20941
20972 20973 20942
21002 20973 20972
21002 21003 20973
21002 21031 21030
21030 21031 21002
21058 21031 21030
21058 21059 21031
21058 21085 21084
21058 21084 21057
21057 21084 21083
21083 21084 21057
21083 21109 21108
21108 21109 21083
21108 21133 21132
21132 21133 21108
21132 21156 19812
19812 21156 21132
19812 19813 21156
27904 19813 19812
27904 27905 19813
27904 27959 27958
27958 27959 27904
28012 27959 27958
28012 28013 27959
28065 28013 28012
28065 28066 28013
28065 28117 28116
28116 28117 28065
28116 28167 28166
28116 28166 28115
28115 28166 28165
28115 28165 28114
28114 28165 28164
28114 28164 28113
28113 28164 28163
28113 28163 28112
28112 28163 28162
28112 28162 28111
28112 28111 28060
28112 28060 28111
28061 28060 28008
28008 28060 28007
28008 28007 27954
27954 28007 27953
27954 27953 27899
27899 27953 27898
27899 27898 19807
19807 27898 19806
</Vertices>
                <Weights>0.5 0.5 0
0.5 0.5 0
0.5 0.5 0
0.5 0.5 0
0.5 0.5 0
0.5 0.5 0
0.5 0.5 0
0.5 0.5 0
0.5 0.5 0
0.5 0.5 0
0.5 0.5 0
0.5 0.5 0
0.5 0.5 0
0.5 0.5 0
0.5 0.5 0
0.5 0.5 0
0.5 0.5 0
0.5 0.5 0
0.5 0.5 0
0.5 0.5 0
0.5 0.5 0
0.5 0.5 0
0.5 0.5 0
0.5 0.5 0
0.5 0.5 0
0.5 0.5 0
0.5 0.5 0
0.5 0.5 0
0.5 0.5 0
0.5 0.5 0
0.5 0.5 0
0.5 0.5 0
0.5 0.5 0
0.5 0.5 0
0.5 0.5 0
0.5 0.5 0
0.5 0.5 0
0.5 0.5 0
0.5 0.5 0
0.5 0.5 0
0.5 0.5 0
0.5 0.5 0
0.5 0.5 0
0.5 0.5 0
0.5 0.5 0
0.5 0.5 0
0.5 0.5 0
0.5 0.5 0
0.5 0.5 0
0.5 0.5 0
0.5 0.5 0
0.5 0.5 0
0.5 0.5 0
0.5 0.5 0
0.5 0.5 0
0.5 0.5 0
0.5 0.5 0
0.5 0.5 0
0.5 0.5 0
0.5 0.5 0
0.5 0.5 0
0.5 0.5 0
0.5 0.5 0
0.5 0.5 0
0.5 0.5 0
0.5 0.5 0
</Weights>
            </BorderPart>
        </Border>
        <Border Name="FP.v" Red="0" Green="1" Blue="0">
            <BorderPart Closed="True">
                <Vertices>19800 19799 20766
20766 19799 20729
20766 20729 19799
20730 20729 20692
20730 20692 20729
20730 20693 20692
20731 20693 20730
20731 20694 20693
20732 20694 20731
20732 20695 20694
20732 20733 20695
20769 20733 20732
20770 20733 20769
20770 20734 20733
20770 20771 20734
20806 20771 20770
20806 20807 20771
20841 20807 20806
20841 20842 20807
20875 20842 20841
20875 20876 20842
20875 20908 20907
20907 20908 20875
20907 20939 20938
20907 20938 20906
20906 20938 20937
20937 20938 20906
20937 20968 20967
20967 20968 20937
20967 20997 19806
19806 20997 20967
19806 19807 20997
27898 19807 19806
27898 27899 19807
27953 27899 27898
27953 27954 27899
28007 27954 27953
28007 28008 27954
28060 28008 28007
28060 28061 28008
28060 28112 28111
28111 28112 28060
28111 28162 28161
28111 28161 28110
28110 28161 28160
28110 28160 28109
28110 28109 28058
28058 28109 28057
28057 28109 28108
28108 28109 28057
28108 28159 28158
28108 28158 28107
28107 28158 28157
28107 28157 28106
28106 28157 28156
28156 28157 28106
28156 28206 28205
28156 28205 28155
28156 28155 28105
28105 28155 28104
28105 28104 28053
28053 28104 28052
28053 28052 28000
28000 28052 27999
28000 27999 27946
27946 27999 27945
27946 27945 27891
27891 27945 27890
27891 27890 19799
27891 19799 27890
</Vertices>
                <Weights>0.5 0.5 0
0.5 0.5 0
0.5 0.5 0
0.5 0.5 0
0.5 0.5 0
0.5 0.5 0
0.5 0.5 0
0.5 0.5 0
0.5 0.5 0
0.5 0.5 0
0.5 0.5 0
0.5 0.5 0
0.5 0.5 0
0.5 0.5 0
0.5 0.5 0
0.5 0.5 0
0.5 0.5 0
0.5 0.5 0
0.5 0.5 0
0.5 0.5 0
0.5 0.5 0
0.5 0.5 0
0.5 0.5 0
0.5 0.5 0
0.5 0.5 0
0.5 0.5 0
0.5 0.5 0
0.5 0.5 0
0.5 0.5 0
0.5 0.5 0
0.5 0.5 0
0.5 0.5 0
0.5 0.5 0
0.5 0.5 0
0.5 0.5 0
0.5 0.5 0
0.5 0.5 0
0.5 0.5 0
0.5 0.5 0
0.5 0.5 0
0.5 0.5 0
0.5 0.5 0
0.5 0.5 0
0.5 0.5 0
0.5 0.5 0
0.5 0.5 0
0.5 0.5 0
0.5 0.5 0
0.5 0.5 0
0.5 0.5 0
0.5 0.5 0
0.5 0.5 0
0.5 0.5 0
0.5 0.5 0
0.5 0.5 0
0.5 0.5 0
0.5 0.5 0
0.5 0.5 0
0.5 0.5 0
0.5 0.5 0
0.5 0.5 0
0.5 0.5 0
0.5 0.5 0
0.5 0.5 0
0.5 0.5 0
0.5 0.5 0
0.5 0.5 0
0.5 0.5 0
0.5 0.5 0
0.5 0.5 0
</Weights>
            </BorderPart>
        </Border>
        <Border Name="SFG.rm" Red="0.619608" Green="0.27451" Blue="0.207843">
            <BorderPart Closed="True">
                <Vertices>28446 28401 28445
28446 28445 28401
28489 28445 28488
28488 28445 28444
28488 28444 28487
28488 28487 28444
28530 28487 28529
28530 28529 28487
28571 28529 28570
28570 28529 28528
28570 28528 28569
28570 28569 28528
28610 28569 28609
28610 28609 28569
28649 28609 28648
28649 28648 28609
28687 28648 28686
28687 28686 28648
28687 28724 28686
28725 28724 28687
28761 28724 28760
28761 28760 28724
28761 28796 28760
28797 28796 28761
28831 28796 28830
28831 28830 28796
28864 28830 28863
28864 28863 28830
28864 28896 28863
28864 28897 28896
28865 28897 28864
28865 28898 28897
28865 28866 28832
28832 28866 28865
28833 28866 28832
28833 28867 28866
28834 28867 28833
28834 28868 28867
28835 28868 28834
28869 28868 28835
28869 28901 28868
28869 28902 28901
28870 28902 28869
28870 28903 28902
28871 28903 28870
28871 28904 28903
28872 28904 28871
28872 28905 28904
28873 28905 28872
28873 28906 28905
28873 28874 28840
28840 28874 28873
28840 28841 28806
28840 28806 28805
28805 28806 28770
28805 28770 28769
28769 28770 28733
28733 28770 28769
28733 28734 28696
28696 28734 28733
28696 28697 28658
28696 28658 28657
28657 28658 28618
28618 28658 28657
28618 28619 28578
28618 28578 28577
28577 28578 28536
28536 28578 28577
28536 28537 28494
28536 28494 28493
28536 28493 28535
28535 28493 28492
28535 28492 28534
28534 28492 28491
28491 28492 28448
28491 28448 28447
28491 28447 28490
28490 28447 28446
28446 28447 28402
28446 28402 28401
</Vertices>
                <Weights>0.5 0.5 0
0.5 0.5 0
0.5 0.5 0
0.5 0.5 0
0.5 0.5 0
0.5 0.5 0
0.5 0.5 0
0.5 0.5 0
0.5 0.5 0
0.5 0.5 0
0.5 0.5 0
0.5 0.5 0
0.5 0.5 0
0.5 0.5 0
0.5 0.5 0
0.5 0.5 0
0.5 0.5 0
0.5 0.5 0
0.5 0.5 0
0.5 0.5 0
0.5 0.5 0
0.5 0.5 0
0.5 0.5 0
0.5 0.5 0
0.5 0.5 0
0.5 0.5 0
0.5 0.5 0
0.5 0.5 0
0.5 0.5 0
0.5 0.5 0
0.5 0.5 0
0.5 0.5 0
0.5 0.5 0
0.5 0.5 0
0.5 0.5 0
0.5 0.5 0
0.5 0.5 0
0.5 0.5 0
0.5 0.5 0
0.5 0.5 0
0.5 0.5 0
0.5 0.5 0
0.5 0.5 0
0.5 0.5 0
0.5 0.5 0
0.5 0.5 0
0.5 0.5 0
0.5 0.5 0
0.5 0.5 0
0.5 0.5 0
0.5 0.5 0
0.5 0.5 0
0.5 0.5 0
0.5 0.5 0
0.5 0.5 0
0.5 0.5 0
0.5 0.5 0
0.5 0.5 0
0.5 0.5 0
0.5 0.5 0
0.5 0.5 0
0.5 0.5 0
0.5 0.5 0
0.5 0.5 0
0.5 0.5 0
0.5 0.5 0
0.5 0.5 0
0.5 0.5 0
0.5 0.5 0
0.5 0.5 0
0.5 0.5 0
0.5 0.5 0
0.5 0.5 0
0.5 0.5 0
0.5 0.5 0
0.5 0.5 0
0.5 0.5 0
0.5 0.5 0
0.5 0.5 0
0.5 0.5 0
</Weights>
            </BorderPart>
        </Border>
        <Border Name="SFG.cm" Red="0" Green="0.552941" Blue="1">
            <BorderPart Closed="True">
                <Vertices>28866 28832 28865
28866 28865 28832
28898 28865 28897
28898 28897 28865
28929 28897 28928
28929 28928 28897
28959 28928 28958
28959 28958 28928
28959 28988 28958
28989 28988 28959
29017 28988 29016
29017 29016 28988
29017 29044 29016
29045 29044 29017
29045 29071 29044
29072 29071 29045
29072 29097 29071
29098 29097 29072
29122 29097 29121
29122 29121 29097
29122 29145 29121
29122 29146 29145
29123 29146 29122
29123 29147 29146
29124 29147 29123
29124 29148 29147
29124 29125 29100
29100 29125 29124
29101 29125 29100
29101 29126 29125
29102 29126 29101
29102 29127 29126
29102 29103 29077
29077 29103 29102
29078 29103 29077
29078 29104 29103
29079 29104 29078
29079 29105 29104
29079 29080 29053
29053 29080 29079
29053 29054 29026
29026 29054 29053
29027 29054 29026
29027 29055 29054
29027 29028 28999
28999 29028 29027
28999 29000 28970
28970 29000 28999
28970 28971 28940
28970 28940 28939
28939 28940 28908
28939 28908 28907
28907 28908 28875
28907 28875 28874
28907 28874 28906
28906 28874 28873
28906 28873 28905
28905 28873 28872
28905 28872 28904
28904 28872 28871
28904 28871 28903
28903 28871 28870
28903 28870 28902
28902 28870 28869
28902 28869 28901
28901 28869 28868
28868 28869 28835
28868 28835 28834
28868 28834 28867
28867 28834 28833
28867 28833 28866
28866 28833 28832
</Vertices>
                <Weights>0.5 0.5 0
0.5 0.5 0
0.5 0.5 0
0.5 0.5 0
0.5 0.5 0
0.5 0.5 0
0.5 0.5 0
0.5 0.5 0
0.5 0.5 0
0.5 0.5 0
0.5 0.5 0
0.5 0.5 0
0.5 0.5 0
0.5 0.5 0
0.5 0.5 0
0.5 0.5 0
0.5 0.5 0
0.5 0.5 0
0.5 0.5 0
0.5 0.5 0
0.5 0.5 0
0.5 0.5 0
0.5 0.5 0
0.5 0.5 0
0.5 0.5 0
0.5 0.5 0
0.5 0.5 0
0.5 0.5 0
0.5 0.5 0
0.5 0.5 0
0.5 0.5 0
0.5 0.5 0
0.5 0.5 0
0.5 0.5 0
0.5 0.5 0
0.5 0.5 0
0.5 0.5 0
0.5 0.5 0
0.5 0.5 0
0.5 0.5 0
0.5 0.5 0
0.5 0.5 0
0.5 0.5 0
0.5 0.5 0
0.5 0.5 0
0.5 0.5 0
0.5 0.5 0
0.5 0.5 0
0.5 0.5 0
0.5 0.5 0
0.5 0.5 0
0.5 0.5 0
0.5 0.5 0
0.5 0.5 0
0.5 0.5 0
0.5 0.5 0
0.5 0.5 0
0.5 0.5 0
0.5 0.5 0
0.5 0.5 0
0.5 0.5 0
0.5 0.5 0
0.5 0.5 0
0.5 0.5 0
0.5 0.5 0
0.5 0.5 0
0.5 0.5 0
0.5 0.5 0
0.5 0.5 0
0.5 0.5 0
0.5 0.5 0
0.5 0.5 0
</Weights>
            </BorderPart>
        </Border>
        <Border Name="SFG.r" Red="1" Green="0.482353" Blue="0.862745">
            <BorderPart Closed="True">
                <Vertices>27998 27944 27997
27998 27997 27944
28050 27997 28049
28049 27997 27996
28049 27996 28048
28049 28048 27996
28100 28048 28099
28100 28099 28048
28150 28099 28149
28149 28099 28098
28149 28098 28148
28149 28148 28098
28198 28148 28197
28197 28148 28147
28197 28147 28196
28196 28147 28146
28196 28146 28195
28196 28195 28146
28244 28195 28243
28244 28243 28195
28244 28291 28243
28292 28291 28244
28338 28291 28337
28338 28337 28291
28338 28383 28337
28384 28383 28338
28384 28428 28383
28429 28428 28384
28429 28472 28428
28473 28472 28429
28473 28515 28472
28473 28516 28515
28474 28516 28473
28517 28516 28474
28517 28558 28516
28517 28559 28558
28518 28559 28517
28518 28560 28559
28519 28560 28518
28519 28561 28560
28520 28561 28519
28520 28562 28561
28521 28562 28520
28521 28563 28562
28522 28563 28521
28522 28564 28563
28522 28523 28480
28480 28523 28522
28480 28481 28437
28480 28437 28436
28436 28437 28392
28436 28392 28391
28391 28392 28346
28391 28346 28345
28345 28346 28299
28299 28346 28345
28299 28300 28252
28252 28300 28299
28252 28253 28204
28204 28253 28252
28204 28205 28155
28155 28205 28204
28155 28156 28105
28155 28105 28104
28104 28105 28053
28104 28053 28052
28052 28053 28000
28052 28000 27999
27999 28000 27946
27999 27946 27945
27999 27945 27998
27998 27945 27944
</Vertices>
                <Weights>0.5 0.5 0
0.5 0.5 0
0.5 0.5 0
0.5 0.5 0
0.5 0.5 0
0.5 0.5 0
0.5 0.5 0
0.5 0.5 0
0.5 0.5 0
0.5 0.5 0
0.5 0.5 0
0.5 0.5 0
0.5 0.5 0
0.5 0.5 0
0.5 0.5 0
0.5 0.5 0
0.5 0.5 0
0.5 0.5 0
0.5 0.5 0
0.5 0.5 0
0.5 0.5 0
0.5 0.5 0
0.5 0.5 0
0.5 0.5 0
0.5 0.5 0
0.5 0.5 0
0.5 0.5 0
0.5 0.5 0
0.5 0.5 0
0.5 0.5 0
0.5 0.5 0
0.5 0.5 0
0.5 0.5 0
0.5 0.5 0
0.5 0.5 0
0.5 0.5 0
0.5 0.5 0
0.5 0.5 0
0.5 0.5 0
0.5 0.5 0
0.5 0.5 0
0.5 0.5 0
0.5 0.5 0
0.5 0.5 0
0.5 0.5 0
0.5 0.5 0
0.5 0.5 0
0.5 0.5 0
0.5 0.5 0
0.5 0.5 0
0.5 0.5 0
0.5 0.5 0
0.5 0.5 0
0.5 0.5 0
0.5 0.5 0
0.5 0.5 0
0.5 0.5 0
0.5 0.5 0
0.5 0.5 0
0.5 0.5 0
0.5 0.5 0
0.5 0.5 0
0.5 0.5 0
0.5 0.5 0
0.5 0.5 0
0.5 0.5 0
0.5 0.5 0
0.5 0.5 0
0.5 0.5 0
0.5 0.5 0
0.5 0.5 0
0.5 0.5 0
</Weights>
            </BorderPart>
        </Border>
        <Border Name="SFG.ri" Red="0" Green="0.964706" Blue="1">
            <BorderPart Closed="True">
                <Vertices>27857 27856 28551
28551 27856 27857
28551 28592 27856
28552 28592 28551
28593 28592 28552
28593 28632 28592
28593 28633 28632
28594 28633 28593
28634 28633 28594
28634 28672 28633
28634 28673 28672
28635 28673 28634
28674 28673 28635
28674 28711 28673
28674 28712 28711
28675 28712 28674
28713 28712 28675
28713 28749 28712
28713 28750 28749
28714 28750 28713
28751 28750 28714
28751 28786 28750
28751 28787 28786
28752 28787 28751
28788 28787 28752
28788 28822 28787
28823 28822 28788
28823 28856 28822
28823 28857 28856
28824 28857 28823
28824 28858 28857
28825 28858 28824
28859 28858 28825
28859 28891 28858
28859 28892 28891
28860 28892 28859
28860 28893 28892
28861 28893 28860
28861 28894 28893
28862 28894 28861
28862 28895 28894
28863 28895 28862
28863 28896 28895
28863 28864 28830
28830 28864 28863
28830 28831 28796
28796 28831 28830
28796 28797 28761
28796 28761 28760
28760 28761 28724
28724 28761 28760
28724 28725 28687
28724 28687 28686
28686 28687 28648
28648 28687 28686
28648 28649 28609
28648 28609 28608
28648 28608 28647
28647 28608 28607
28607 28608 28567
28607 28567 28566
28566 28567 28525
28566 28525 28524
28566 28524 28565
28565 28524 28523
28565 28523 28564
28564 28523 28522
28564 28522 28563
28563 28522 28521
28563 28521 28562
28562 28521 28520
28562 28520 28561
28561 28520 28519
28561 28519 28560
28560 28519 28518
28560 28518 28559
28559 28518 28517
28559 28517 28558
28558 28517 28516
28516 28517 28474
28516 28474 28473
28516 28473 28515
28515 28473 28472
28472 28473 28429
28472 28429 28428
28428 28429 28384
28428 28384 28383
28383 28384 28338
28383 28338 28337
28337 28338 28291
28291 28338 28337
28291 28292 28244
28291 28244 28243
28243 28244 28195
28243 28195 28194
28194 28195 28145
28194 28145 28144
28194 28144 28193
28194 28193 28144
28242 28193 28241
28241 28193 28192
28241 28192 28240
28241 28240 28192
28288 28240 28287
28287 28240 28239
28287 28239 28286
28286 28239 28238
28286 28238 28285
28285 28238 28237
28285 28237 28284
28284 28237 28236
28284 28236 27863
28284 27863 28236
27862 27863 28284
27862 29420 27863
29421 29420 27862
29421 29475 29420
29421 29476 29475
29422 29476 29421
29422 29477 29476
29422 29423 27860
27860 29423 29422
27859 29423 27860
27859 29424 29423
27858 29424 27859
27858 29425 29424
27857 29425 27858
27857 29426 29425
</Vertices>
                <Weights>0.5 0.5 0
0.5 0.5 0
0.5 0.5 0
0.5 0.5 0
0.5 0.5 0
0.5 0.5 0
0.5 0.5 0
0.5 0.5 0
0.5 0.5 0
0.5 0.5 0
0.5 0.5 0
0.5 0.5 0
0.5 0.5 0
0.5 0.5 0
0.5 0.5 0
0.5 0.5 0
0.5 0.5 0
0.5 0.5 0
0.5 0.5 0
0.5 0.5 0
0.5 0.5 0
0.5 0.5 0
0.5 0.5 0
0.5 0.5 0
0.5 0.5 0
0.5 0.5 0
0.5 0.5 0
0.5 0.5 0
0.5 0.5 0
0.5 0.5 0
0.5 0.5 0
0.5 0.5 0
0.5 0.5 0
0.5 0.5 0
0.5 0.5 0
0.5 0.5 0
0.5 0.5 0
0.5 0.5 0
0.5 0.5 0
0.5 0.5 0
0.5 0.5 0
0.5 0.5 0
0.5 0.5 0
0.5 0.5 0
0.5 0.5 0
0.5 0.5 0
0.5 0.5 0
0.5 0.5 0
0.5 0.5 0
0.5 0.5 0
0.5 0.5 0
0.5 0.5 0
0.5 0.5 0
0.5 0.5 0
0.5 0.5 0
0.5 0.5 0
0.5 0.5 0
0.5 0.5 0
0.5 0.5 0
0.5 0.5 0
0.5 0.5 0
0.5 0.5 0
0.5 0.5 0
0.5 0.5 0
0.5 0.5 0
0.5 0.5 0
0.5 0.5 0
0.5 0.5 0
0.5 0.5 0
0.5 0.5 0
0.5 0.5 0
0.5 0.5 0
0.5 0.5 0
0.5 0.5 0
0.5 0.5 0
0.5 0.5 0
0.5 0.5 0
0.5 0.5 0
0.5 0.5 0
0.5 0.5 0
0.5 0.5 0
0.5 0.5 0
0.5 0.5 0
0.5 0.5 0
0.5 0.5 0
0.5 0.5 0
0.5 0.5 0
0.5 0.5 0
0.5 0.5 0
0.5 0.5 0
0.5 0.5 0
0.5 0.5 0
0.5 0.5 0
0.5 0.5 0
0.5 0.5 0
0.5 0.5 0
0.5 0.5 0
0.5 0.5 0
0.5 0.5 0
0.5 0.5 0
0.5 0.5 0
0.5 0.5 0
0.5 0.5 0
0.5 0.5 0
0.5 0.5 0
0.5 0.5 0
0.5 0.5 0
0.5 0.5 0
0.5 0.5 0
0.5 0.5 0
0.5 0.5 0
0.5 0.5 0
0.5 0.5 0
0.5 0.5 0
0.5 0.5 0
0.5 0.5 0
0.5 0.5 0
0.5 0.5 0
0.5 0.5 0
0.5 0.5 0
0.5 0.5 0
0.5 0.5 0
0.5 0.5 0
0.5 0.5 0
0.5 0.5 0
0.5 0.5 0
0.5 0.5 0
0.5 0.5 0
</Weights>
            </BorderPart>
        </Border>
        <Border Name="SFG.ci" Red="0" Green="0.415686" Blue="0.0352941">
            <BorderPart Closed="True">
                <Vertices>27848 27847 28884
28884 27847 27848
28884 28916 27847
28885 28916 28884
28917 28916 28885
28917 28947 28916
28917 28948 28947
28918 28948 28917
28949 28948 28918
28949 28978 28948
28979 28978 28949
28979 29007 28978
29008 29007 28979
29008 29035 29007
29008 29036 29035
29009 29036 29008
29037 29036 29009
29037 29063 29036
29037 29064 29063
29038 29064 29037
29065 29064 29038
29065 29090 29064
29065 29091 29090
29066 29091 29065
29092 29091 29066
29092 29116 29091
29092 29117 29116
29093 29117 29092
29118 29117 29093
29118 29141 29117
29118 29142 29141
29119 29142 29118
29143 29142 29119
29143 29165 29142
29143 29166 29165
29143 29144 29120
29120 29144 29143
29121 29144 29120
29121 29145 29144
29121 29122 29097
29097 29122 29121
29097 29098 29072
29097 29072 29071
29071 29072 29045
29071 29045 29044
29044 29045 29017
29044 29017 29016
29016 29017 28988
28988 29017 29016
28988 28989 28959
28988 28959 28958
28958 28959 28928
28928 28959 28958
28928 28929 28897
28897 28929 28928
28897 28898 28865
28897 28865 28864
28897 28864 28896
28896 28864 28863
28896 28863 28895
28895 28863 28862
28895 28862 28894
28894 28862 28861
28894 28861 28893
28893 28861 28860
28893 28860 28892
28892 28860 28859
28892 28859 28891
28891 28859 28858
28858 28859 28825
28858 28825 28824
28858 28824 28857
28857 28824 28823
28857 28823 28856
28856 28823 28822
28822 28823 28788
28822 28788 28787
28787 28788 28752
28787 28752 28751
28787 28751 28786
28786 28751 28750
28750 28751 28714
28750 28714 28713
28750 28713 28749
28749 28713 28712
28712 28713 28675
28712 28675 28674
28712 28674 28711
28711 28674 28673
28673 28674 28635
28673 28635 28634
28673 28634 28672
28672 28634 28633
28633 28634 28594
28633 28594 28593
28633 28593 28632
28632 28593 28592
28592 28593 28552
28592 28552 28551
28592 28551 27856
27856 28551 27857
27856 27857 28551
27856 29426 27857
27856 29427 29426
27855 29427 27856
29428 29427 27855
29428 29482 29427
29428 29483 29482
29429 29483 29428
29429 29484 29483
29430 29484 29429
29430 29485 29484
29431 29485 29430
29431 29486 29485
29432 29486 29431
29432 29487 29486
29433 29487 29432
29433 29488 29487
29433 29434 27849
27849 29434 29433
27848 29434 27849
27848 29435 29434
</Vertices>
                <Weights>0.5 0.5 0
0.5 0.5 0
0.5 0.5 0
0.5 0.5 0
0.5 0.5 0
0.5 0.5 0
0.5 0.5 0
0.5 0.5 0
0.5 0.5 0
0.5 0.5 0
0.5 0.5 0
0.5 0.5 0
0.5 0.5 0
0.5 0.5 0
0.5 0.5 0
0.5 0.5 0
0.5 0.5 0
0.5 0.5 0
0.5 0.5 0
0.5 0.5 0
0.5 0.5 0
0.5 0.5 0
0.5 0.5 0
0.5 0.5 0
0.5 0.5 0
0.5 0.5 0
0.5 0.5 0
0.5 0.5 0
0.5 0.5 0
0.5 0.5 0
0.5 0.5 0
0.5 0.5 0
0.5 0.5 0
0.5 0.5 0
0.5 0.5 0
0.5 0.5 0
0.5 0.5 0
0.5 0.5 0
0.5 0.5 0
0.5 0.5 0
0.5 0.5 0
0.5 0.5 0
0.5 0.5 0
0.5 0.5 0
0.5 0.5 0
0.5 0.5 0
0.5 0.5 0
0.5 0.5 0
0.5 0.5 0
0.5 0.5 0
0.5 0.5 0
0.5 0.5 0
0.5 0.5 0
0.5 0.5 0
0.5 0.5 0
0.5 0.5 0
0.5 0.5 0
0.5 0.5 0
0.5 0.5 0
0.5 0.5 0
0.5 0.5 0
0.5 0.5 0
0.5 0.5 0
0.5 0.5 0
0.5 0.5 0
0.5 0.5 0
0.5 0.5 0
0.5 0.5 0
0.5 0.5 0
0.5 0.5 0
0.5 0.5 0
0.5 0.5 0
0.5 0.5 0
0.5 0.5 0
0.5 0.5 0
0.5 0.5 0
0.5 0.5 0
0.5 0.5 0
0.5 0.5 0
0.5 0.5 0
0.5 0.5 0
0.5 0.5 0
0.5 0.5 0
0.5 0.5 0
0.5 0.5 0
0.5 0.5 0
0.5 0.5 0
0.5 0.5 0
0.5 0.5 0
0.5 0.5 0
0.5 0.5 0
0.5 0.5 0
0.5 0.5 0
0.5 0.5 0
0.5 0.5 0
0.5 0.5 0
0.5 0.5 0
0.5 0.5 0
0.5 0.5 0
0.5 0.5 0
0.5 0.5 0
0.5 0.5 0
0.5 0.5 0
0.5 0.5 0
0.5 0.5 0
0.5 0.5 0
0.5 0.5 0
0.5 0.5 0
0.5 0.5 0
0.5 0.5 0
0.5 0.5 0
0.5 0.5 0
0.5 0.5 0
0.5 0.5 0
0.5 0.5 0
0.5 0.5 0
0.5 0.5 0
0.5 0.5 0
0.5 0.5 0
0.5 0.5 0
0.5 0.5 0
0.5 0.5 0
</Weights>
            </BorderPart>
        </Border>
        <Border Name="SFG.c" Red="1" Green="0.862745" Blue="0.482353">
            <BorderPart Closed="True">
                <Vertices>29423 27859 27860
29423 27860 29422
29423 29422 27860
29477 29422 29476
29476 29422 29421
29476 29421 29475
29476 29475 29421
29476 29529 29475
29530 29529 29476
29530 29582 29529
29530 29583 29582
29531 29583 29530
29584 29583 29531
29584 29635 29583
29636 29635 29584
29686 29635 29685
29686 29685 29635
29686 29735 29685
29686 29736 29735
29687 29736 29686
29737 29736 29687
29737 29785 29736
29737 29786 29785
29738 29786 29737
29738 29787 29786
29739 29787 29738
29788 29787 29739
29788 29835 29787
29788 29836 29835
29789 29836 29788
29789 29837 29836
29790 29837 29789
29790 29838 29837
29791 29838 29790
29791 29839 29838
29792 29839 29791
29792 29840 29839
29793 29840 29792
29793 29841 29840
29793 29794 29745
29745 29794 29793
29745 29746 29696
29696 29746 29745
29696 29697 29646
29646 29697 29696
29646 29647 29595
29646 29595 29594
29594 29595 29542
29542 29595 29594
29542 29543 29489
29542 29489 29488
29488 29489 29434
29488 29434 29433
29488 29433 29487
29487 29433 29432
29487 29432 29486
29486 29432 29431
29486 29431 29485
29485 29431 29430
29485 29430 29484
29484 29430 29429
29484 29429 29483
29483 29429 29428
29483 29428 29482
29482 29428 29427
29427 29428 27855
29427 27855 27856
29427 27856 29426
29426 27856 27857
29426 27857 29425
29425 27857 27858
29425 27858 29424
29424 27858 27859
29424 27859 29423
</Vertices>
                <Weights>0.5 0.5 0
0.5 0.5 0
0.5 0.5 0
0.5 0.5 0
0.5 0.5 0
0.5 0.5 0
0.5 0.5 0
0.5 0.5 0
0.5 0.5 0
0.5 0.5 0
0.5 0.5 0
0.5 0.5 0
0.5 0.5 0
0.5 0.5 0
0.5 0.5 0
0.5 0.5 0
0.5 0.5 0
0.5 0.5 0
0.5 0.5 0
0.5 0.5 0
0.5 0.5 0
0.5 0.5 0
0.5 0.5 0
0.5 0.5 0
0.5 0.5 0
0.5 0.5 0
0.5 0.5 0
0.5 0.5 0
0.5 0.5 0
0.5 0.5 0
0.5 0.5 0
0.5 0.5 0
0.5 0.5 0
0.5 0.5 0
0.5 0.5 0
0.5 0.5 0
0.5 0.5 0
0.5 0.5 0
0.5 0.5 0
0.5 0.5 0
0.5 0.5 0
0.5 0.5 0
0.5 0.5 0
0.5 0.5 0
0.5 0.5 0
0.5 0.5 0
0.5 0.5 0
0.5 0.5 0
0.5 0.5 0
0.5 0.5 0
0.5 0.5 0
0.5 0.5 0
0.5 0.5 0
0.5 0.5 0
0.5 0.5 0
0.5 0.5 0
0.5 0.5 0
0.5 0.5 0
0.5 0.5 0
0.5 0.5 0
0.5 0.5 0
0.5 0.5 0
0.5 0.5 0
0.5 0.5 0
0.5 0.5 0
0.5 0.5 0
0.5 0.5 0
0.5 0.5 0
0.5 0.5 0
0.5 0.5 0
0.5 0.5 0
0.5 0.5 0
0.5 0.5 0
0.5 0.5 0
</Weights>
            </BorderPart>
        </Border>
        <Border Name="IFG.rd" Red="0.243137" Green="0" Blue="0.415686">
            <BorderPart Closed="True">
                <Vertices>19789 19788 20304
20304 19788 20256
20304 20256 19788
20257 20256 20208
20257 20208 20256
20257 20209 20208
20258 20209 20257
20210 20209 20160
20210 20160 20209
20161 20160 20110
20110 20160 20109
20110 20109 20058
20058 20109 20057
20058 20057 20005
20005 20057 20004
20005 20004 19951
19951 20004 19950
19951 19950 19896
19951 19896 19950
19951 19897 19896
19952 19897 19951
19898 19897 10154
19898 10154 19897
19898 10155 10154
19899 10155 19898
19899 10156 10155
19900 10156 19899
19900 10157 10156
19901 10157 19900
19901 10158 10157
19902 10158 19901
19902 10159 10158
19903 10159 19902
19903 10160 10159
19903 19904 10160
19958 19904 19903
19958 19959 19904
19958 20012 20011
20011 20012 19958
20064 20012 20011
20064 20065 20012
20116 20065 20064
20116 20117 20065
20116 20167 20166
20166 20167 20116
20216 20167 20166
20216 20217 20167
20216 20265 20264
20264 20265 20216
20312 20265 20264
20312 20313 20265
20359 20313 20312
20359 20360 20313
20359 20405 20404
20404 20405 20359
20449 20405 20404
20449 20450 20405
20449 20493 20492
20492 20493 20449
20492 20535 20534
20534 20535 20492
20534 20576 20575
20575 20576 20534
20616 20576 20575
20616 20617 20576
20616 20656 20655
20655 20656 20616
20694 20656 20655
20694 20695 20656
20694 20732 20731
20694 20731 20693
20693 20731 20730
20693 20730 20692
20692 20730 20729
20729 20730 20692
20729 20766 19799
19799 20766 20729
19799 19800 20766
19799 27891 27890
27890 27891 19799
27945 27891 27890
27945 27946 27891
27945 27999 27998
27945 27998 27944
27944 27998 27997
27997 27998 27944
27997 28050 28049
27997 28049 27996
27996 28049 28048
28048 28049 27996
28048 28100 28099
28099 28100 28048
28099 28150 28149
28099 28149 28098
28098 28149 28148
28148 28149 28098
28148 28198 28197
28148 28197 28147
28147 28197 28196
28147 28196 28146
28146 28196 28195
28195 28196 28146
28195 28244 28243
28195 28243 28194
28195 28194 28145
28145 28194 28144
28145 28144 28094
28145 28094 28144
28095 28094 28043
28043 28094 28042
28043 28042 27990
27990 28042 27989
27990 27989 27936
27936 27989 27935
27936 27935 27881
27881 27935 27880
27881 27880 19789
19789 27880 19788
</Vertices>
                <Weights>0.5 0.5 0
0.5 0.5 0
0.5 0.5 0
0.5 0.5 0
0.5 0.5 0
0.5 0.5 0
0.5 0.5 0
0.5 0.5 0
0.5 0.5 0
0.5 0.5 0
0.5 0.5 0
0.5 0.5 0
0.5 0.5 0
0.5 0.5 0
0.5 0.5 0
0.5 0.5 0
0.5 0.5 0
0.5 0.5 0
0.5 0.5 0
0.5 0.5 0
0.5 0.5 0
0.5 0.5 0
0.5 0.5 0
0.5 0.5 0
0.5 0.5 0
0.5 0.5 0
0.5 0.5 0
0.5 0.5 0
0.5 0.5 0
0.5 0.5 0
0.5 0.5 0
0.5 0.5 0
0.5 0.5 0
0.5 0.5 0
0.5 0.5 0
0.5 0.5 0
0.5 0.5 0
0.5 0.5 0
0.5 0.5 0
0.5 0.5 0
0.5 0.5 0
0.5 0.5 0
0.5 0.5 0
0.5 0.5 0
0.5 0.5 0
0.5 0.5 0
0.5 0.5 0
0.5 0.5 0
0.5 0.5 0
0.5 0.5 0
0.5 0.5 0
0.5 0.5 0
0.5 0.5 0
0.5 0.5 0
0.5 0.5 0
0.5 0.5 0
0.5 0.5 0
0.5 0.5 0
0.5 0.5 0
0.5 0.5 0
0.5 0.5 0
0.5 0.5 0
0.5 0.5 0
0.5 0.5 0
0.5 0.5 0
0.5 0.5 0
0.5 0.5 0
0.5 0.5 0
0.5 0.5 0
0.5 0.5 0
0.5 0.5 0
0.5 0.5 0
0.5 0.5 0
0.5 0.5 0
0.5 0.5 0
0.5 0.5 0
0.5 0.5 0
0.5 0.5 0
0.5 0.5 0
0.5 0.5 0
0.5 0.5 0
0.5 0.5 0
0.5 0.5 0
0.5 0.5 0
0.5 0.5 0
0.5 0.5 0
0.5 0.5 0
0.5 0.5 0
0.5 0.5 0
0.5 0.5 0
0.5 0.5 0
0.5 0.5 0
0.5 0.5 0
0.5 0.5 0
0.5 0.5 0
0.5 0.5 0
0.5 0.5 0
0.5 0.5 0
0.5 0.5 0
0.5 0.5 0
0.5 0.5 0
0.5 0.5 0
0.5 0.5 0
0.5 0.5 0
0.5 0.5 0
0.5 0.5 0
0.5 0.5 0
0.5 0.5 0
0.5 0.5 0
0.5 0.5 0
0.5 0.5 0
0.5 0.5 0
0.5 0.5 0
0.5 0.5 0
0.5 0.5 0
0.5 0.5 0
0.5 0.5 0
0.5 0.5 0
</Weights>
            </BorderPart>
        </Border>
        <Border Name="IFG.cd" Red="0.309804" Green="0.482353" Blue="0.552941">
            <BorderPart Closed="True">
                <Vertices>6 10148 10092
6 10092 10148
18239 10092 18294
18239 18294 10092
18239 18238 18294
29412 18238 18239
29412 29467 18238
29413 29467 29412
29468 29467 29413
29468 29521 29467
29468 29522 29521
29469 29522 29468
29469 29523 29522
29470 29523 29469
29524 29523 29470
29524 29576 29523
29524 29577 29576
29525 29577 29524
29525 29578 29577
29526 29578 29525
29526 29579 29578
29527 29579 29526
29527 29580 29579
29527 29528 29474
29474 29528 29527
29475 29528 29474
29475 29529 29528
29475 29476 29421
29475 29421 29420
29420 29421 27862
29420 27862 27863
27863 27862 28284
27863 28284 28236
28236 28284 27863
28237 28284 28236
28237 28285 28284
28238 28285 28237
28238 28286 28285
28239 28286 28238
28239 28287 28286
28240 28287 28239
28240 28288 28287
28240 28241 28192
28192 28241 28240
28193 28241 28192
28193 28242 28241
28193 28194 28144
28144 28194 28193
28144 28145 28094
28094 28145 28144
28094 28095 28043
28094 28043 28042
28042 28043 27990
28042 27990 27989
27989 27990 27936
27989 27936 27935
27935 27936 27881
27935 27881 27880
27880 27881 19789
27880 19789 19788
19788 19789 20304
19788 20304 20256
20256 20304 19788
20256 20257 20208
20208 20257 20256
20209 20257 20208
20209 20258 20257
20209 20210 20160
20160 20210 20209
20160 20161 20110
20160 20110 20109
20109 20110 20058
20109 20058 20057
20057 20058 20005
20057 20005 20004
20004 20005 19951
20004 19951 19950
19950 19951 19896
19950 19896 19895
19950 19895 19949
19949 19895 19894
19949 19894 19948
19948 19894 19893
19893 19894 10150
19893 10150 10149
19893 10149 19892
19892 10149 10148
19892 10148 19780
19780 10148 6
</Vertices>
                <Weights>0.5 0.5 0
0.5 0.5 0
0.5 0.5 0
0.5 0.5 0
0.5 0.5 0
0.5 0.5 0
0.5 0.5 0
0.5 0.5 0
0.5 0.5 0
0.5 0.5 0
0.5 0.5 0
0.5 0.5 0
0.5 0.5 0
0.5 0.5 0
0.5 0.5 0
0.5 0.5 0
0.5 0.5 0
0.5 0.5 0
0.5 0.5 0
0.5 0.5 0
0.5 0.5 0
0.5 0.5 0
0.5 0.5 0
0.5 0.5 0
0.5 0.5 0
0.5 0.5 0
0.5 0.5 0
0.5 0.5 0
0.5 0.5 0
0.5 0.5 0
0.5 0.5 0
0.5 0.5 0
0.5 0.5 0
0.5 0.5 0
0.5 0.5 0
0.5 0.5 0
0.5 0.5 0
0.5 0.5 0
0.5 0.5 0
0.5 0.5 0
0.5 0.5 0
0.5 0.5 0
0.5 0.5 0
0.5 0.5 0
0.5 0.5 0
0.5 0.5 0
0.5 0.5 0
0.5 0.5 0
0.5 0.5 0
0.5 0.5 0
0.5 0.5 0
0.5 0.5 0
0.5 0.5 0
0.5 0.5 0
0.5 0.5 0
0.5 0.5 0
0.5 0.5 0
0.5 0.5 0
0.5 0.5 0
0.5 0.5 0
0.5 0.5 0
0.5 0.5 0
0.5 0.5 0
0.5 0.5 0
0.5 0.5 0
0.5 0.5 0
0.5 0.5 0
0.5 0.5 0
0.5 0.5 0
0.5 0.5 0
0.5 0.5 0
0.5 0.5 0
0.5 0.5 0
0.5 0.5 0
0.5 0.5 0
0.5 0.5 0
0.5 0.5 0
0.5 0.5 0
0.5 0.5 0
0.5 0.5 0
0.5 0.5 0
0.5 0.5 0
0.5 0.5 0
0.5 0.5 0
0.5 0.5 0
0.5 0.5 0
0.5 0.5 0
0.5 0.5 0
0.5 0.5 0
</Weights>
            </BorderPart>
        </Border>
        <Border Name="IFG.cv" Red="0.898039" Green="0" Blue="1">
            <BorderPart Closed="True">
                <Vertices>18218 18217 19218
18218 19218 19184
19184 19218 19183
19184 19183 19148
19148 19183 19147
19148 19147 19111
19148 19111 19147
19112 19111 19074
19112 19074 19111
19112 19075 19074
19113 19075 19112
19113 19076 19075
19113 18221 19076
18220 18221 19113
30249 18221 30211
30249 30211 18221
30212 30211 30173
30212 30173 30211
30174 30173 30134
30174 30134 30173
30135 30134 30094
30094 30134 30093
30094 30093 30052
30052 30093 30051
30052 30051 30009
30052 30009 30051
30010 30009 29966
29966 30009 29965
29966 29965 29921
29966 29921 29965
29922 29921 29876
29876 29921 29875
29876 29875 29829
29829 29875 29828
29829 29828 29781
29781 29828 29780
29781 29780 29732
29732 29780 29731
29732 29731 29682
29682 29731 29681
29682 29681 29631
29682 29631 29681
29632 29631 29580
29580 29631 29579
29580 29579 29527
29580 29527 29579
29528 29527 29474
29528 29474 29527
29528 29475 29474
29529 29475 29528
29529 29476 29475
29529 29530 29476
29582 29530 29529
29583 29530 29582
29583 29531 29530
29583 29584 29531
29635 29584 29583
29635 29636 29584
29635 29686 29685
29685 29686 29635
29735 29686 29685
29736 29686 29735
29736 29687 29686
29736 29737 29687
29785 29737 29736
29786 29737 29785
29786 29738 29737
29787 29738 29786
29787 29739 29738
29787 29788 29739
29835 29788 29787
29836 29788 29835
29836 29789 29788
29837 29789 29836
29837 29790 29789
29838 29790 29837
29838 29791 29790
29839 29791 29838
29839 29792 29791
29840 29792 29839
29840 29793 29792
29840 29841 29793
29840 29887 29886
29886 29887 29840
29886 29932 29931
29931 29932 29886
29931 29976 29975
29975 29976 29931
30019 29976 29975
30019 30020 29976
30019 30062 30061
30061 30062 30019
30061 30103 30102
30102 30103 30061
30102 30143 30142
30142 30143 30102
30142 30182 30181
30181 30182 30142
30220 30182 30181
30220 30221 30182
30220 30258 30257
30257 30258 30220
30257 30294 30293
30293 30294 30257
30293 30329 30328
30328 30329 30293
30328 30363 30362
30362 30363 30328
30362 30396 30395
30362 30395 30361
30361 30395 30394
30361 30394 30360
30360 30394 30393
30360 30393 30359
30359 30393 30392
30359 30392 30358
30358 30392 30391
30358 30391 30357
30357 30391 18217
30357 18217 18218
</Vertices>
                <Weights>0.5 0.5 0
0.5 0.5 0
0.5 0.5 0
0.5 0.5 0
0.5 0.5 0
0.5 0.5 0
0.5 0.5 0
0.5 0.5 0
0.5 0.5 0
0.5 0.5 0
0.5 0.5 0
0.5 0.5 0
0.5 0.5 0
0.5 0.5 0
0.5 0.5 0
0.5 0.5 0
0.5 0.5 0
0.5 0.5 0
0.5 0.5 0
0.5 0.5 0
0.5 0.5 0
0.5 0.5 0
0.5 0.5 0
0.5 0.5 0
0.5 0.5 0
0.5 0.5 0
0.5 0.5 0
0.5 0.5 0
0.5 0.5 0
0.5 0.5 0
0.5 0.5 0
0.5 0.5 0
0.5 0.5 0
0.5 0.5 0
0.5 0.5 0
0.5 0.5 0
0.5 0.5 0
0.5 0.5 0
0.5 0.5 0
0.5 0.5 0
0.5 0.5 0
0.5 0.5 0
0.5 0.5 0
0.5 0.5 0
0.5 0.5 0
0.5 0.5 0
0.5 0.5 0
0.5 0.5 0
0.5 0.5 0
0.5 0.5 0
0.5 0.5 0
0.5 0.5 0
0.5 0.5 0
0.5 0.5 0
0.5 0.5 0
0.5 0.5 0
0.5 0.5 0
0.5 0.5 0
0.5 0.5 0
0.5 0.5 0
0.5 0.5 0
0.5 0.5 0
0.5 0.5 0
0.5 0.5 0
0.5 0.5 0
0.5 0.5 0
0.5 0.5 0
0.5 0.5 0
0.5 0.5 0
0.5 0.5 0
0.5 0.5 0
0.5 0.5 0
0.5 0.5 0
0.5 0.5 0
0.5 0.5 0
0.5 0.5 0
0.5 0.5 0
0.5 0.5 0
0.5 0.5 0
0.5 0.5 0
0.5 0.5 0
0.5 0.5 0
0.5 0.5 0
0.5 0.5 0
0.5 0.5 0
0.5 0.5 0
0.5 0.5 0
0.5 0.5 0
0.5 0.5 0
0.5 0.5 0
0.5 0.5 0
0.5 0.5 0
0.5 0.5 0
0.5 0.5 0
0.5 0.5 0
0.5 0.5 0
0.5 0.5 0
0.5 0.5 0
0.5 0.5 0
0.5 0.5 0
0.5 0.5 0
0.5 0.5 0
0.5 0.5 0
0.5 0.5 0
0.5 0.5 0
0.5 0.5 0
0.5 0.5 0
0.5 0.5 0
0.5 0.5 0
0.5 0.5 0
0.5 0.5 0
0.5 0.5 0
0.5 0.5 0
0.5 0.5 0
0.5 0.5 0
0.5 0.5 0
0.5 0.5 0
0.5 0.5 0
0.5 0.5 0
0.5 0.5 0
</Weights>
            </BorderPart>
        </Border>
        <Border Name="IFG.iv" Red="1" Green="0.470588" Blue="1">
            <BorderPart Closed="True">
                <Vertices>18221 18220 19113
18221 19113 19076
19076 19113 19075
19075 19113 19112
19075 19112 19074
19074 19112 19111
19074 19111 19073
19074 19073 19035
19035 19073 19034
19034 19073 19072
19034 19072 19033
19034 19033 18994
18994 19033 18993
18994 18993 18953
18994 18953 18993
18954 18953 18912
18912 18953 18911
18912 18911 18869
18912 18869 18911
18870 18869 18826
18826 18869 18825
18826 18825 18781
18781 18825 18780
18781 18780 18735
18735 18780 18734
18735 18734 18688
18735 18688 18734
18689 18688 18641
18689 18641 18688
18642 18641 18593
18642 18593 18641
18594 18593 18544
18544 18593 18543
18544 18543 18493
18544 18493 18543
18494 18493 18442
18494 18442 18493
18443 18442 18390
18443 18390 18442
18391 18390 18337
18391 18337 18390
18391 18338 18337
18391 18392 18338
18444 18392 18391
18445 18392 18444
18445 18393 18392
18446 18393 18445
18446 18394 18393
18446 18447 18394
18498 18447 18446
18499 18447 18498
18499 18448 18447
18500 18448 18499
18500 18449 18448
18501 18449 18500
18501 18450 18449
18502 18450 18501
18451 18450 18398
18451 18398 18450
18451 18399 18398
18452 18399 18451
18400 18399 18346
18400 18346 18399
18400 18347 18346
18401 18347 18400
18348 18347 18293
18348 18293 18347
18348 18294 18293
18238 18294 18348
18238 18239 18294
18238 29412 18239
29467 29412 18238
29467 29413 29412
29467 29468 29413
29521 29468 29467
29522 29468 29521
29522 29469 29468
29523 29469 29522
29523 29470 29469
29523 29524 29470
29576 29524 29523
29577 29524 29576
29577 29525 29524
29578 29525 29577
29578 29526 29525
29579 29526 29578
29579 29527 29526
29579 29580 29527
29631 29580 29579
29631 29632 29580
29631 29682 29681
29681 29682 29631
29731 29682 29681
29731 29732 29682
29780 29732 29731
29780 29781 29732
29828 29781 29780
29828 29829 29781
29875 29829 29828
29875 29876 29829
29921 29876 29875
29921 29922 29876
29921 29966 29965
29965 29966 29921
30009 29966 29965
30009 30010 29966
30009 30052 30051
30051 30052 30009
30093 30052 30051
30093 30094 30052
30134 30094 30093
30134 30135 30094
30134 30174 30173
30173 30174 30134
30173 30212 30211
30211 30212 30173
30211 30249 18221
18221 30249 30211
</Vertices>
                <Weights>0.5 0.5 0
0.5 0.5 0
0.5 0.5 0
0.5 0.5 0
0.5 0.5 0
0.5 0.5 0
0.5 0.5 0
0.5 0.5 0
0.5 0.5 0
0.5 0.5 0
0.5 0.5 0
0.5 0.5 0
0.5 0.5 0
0.5 0.5 0
0.5 0.5 0
0.5 0.5 0
0.5 0.5 0
0.5 0.5 0
0.5 0.5 0
0.5 0.5 0
0.5 0.5 0
0.5 0.5 0
0.5 0.5 0
0.5 0.5 0
0.5 0.5 0
0.5 0.5 0
0.5 0.5 0
0.5 0.5 0
0.5 0.5 0
0.5 0.5 0
0.5 0.5 0
0.5 0.5 0
0.5 0.5 0
0.5 0.5 0
0.5 0.5 0
0.5 0.5 0
0.5 0.5 0
0.5 0.5 0
0.5 0.5 0
0.5 0.5 0
0.5 0.5 0
0.5 0.5 0
0.5 0.5 0
0.5 0.5 0
0.5 0.5 0
0.5 0.5 0
0.5 0.5 0
0.5 0.5 0
0.5 0.5 0
0.5 0.5 0
0.5 0.5 0
0.5 0.5 0
0.5 0.5 0
0.5 0.5 0
0.5 0.5 0
0.5 0.5 0
0.5 0.5 0
0.5 0.5 0
0.5 0.5 0
0.5 0.5 0
0.5 0.5 0
0.5 0.5 0
0.5 0.5 0
0.5 0.5 0
0.5 0.5 0
0.5 0.5 0
0.5 0.5 0
0.5 0.5 0
0.5 0.5 0
0.5 0.5 0
0.5 0.5 0
0.5 0.5 0
0.5 0.5 0
0.5 0.5 0
0.5 0.5 0
0.5 0.5 0
0.5 0.5 0
0.5 0.5 0
0.5 0.5 0
0.5 0.5 0
0.5 0.5 0
0.5 0.5 0
0.5 0.5 0
0.5 0.5 0
0.5 0.5 0
0.5 0.5 0
0.5 0.5 0
0.5 0.5 0
0.5 0.5 0
0.5 0.5 0
0.5 0.5 0
0.5 0.5 0
0.5 0.5 0
0.5 0.5 0
0.5 0.5 0
0.5 0.5 0
0.5 0.5 0
0.5 0.5 0
0.5 0.5 0
0.5 0.5 0
0.5 0.5 0
0.5 0.5 0
0.5 0.5 0
0.5 0.5 0
0.5 0.5 0
0.5 0.5 0
0.5 0.5 0
0.5 0.5 0
0.5 0.5 0
0.5 0.5 0
0.5 0.5 0
0.5 0.5 0
0.5 0.5 0
0.5 0.5 0
0.5 0.5 0
0.5 0.5 0
0.5 0.5 0
0.5 0.5 0
</Weights>
            </BorderPart>
        </Border>
        <Border Name="IFG.rv" Red="0.552941" Green="1" Blue="0.619608">
            <BorderPart Closed="True">
                <Vertices>10092 6 10148
10148 6 10092
10148 19780 6
10148 19892 19780
10149 19892 10148
10149 19893 19892
10150 19893 10149
19894 19893 10150
19894 19948 19893
19894 19949 19948
19895 19949 19894
19895 19950 19949
19896 19950 19895
19896 19951 19950
19897 19951 19896
19897 19952 19951
19897 19898 10154
10154 19898 19897
10155 19898 10154
10155 19899 19898
10156 19899 10155
10156 19900 19899
10157 19900 10156
10157 19901 19900
10158 19901 10157
10158 19902 19901
10159 19902 10158
10159 19903 19902
10159 10160 11677
11677 10160 11665
11665 10160 11677
11665 10161 11652
11665 11652 11651
11651 11652 11637
11651 11637 11636
11636 11637 11621
11636 11621 11620
11620 11621 11604
11620 11604 11603
11603 11604 11586
11603 11586 11585
11585 11586 11567
11585 11567 11566
11566 11567 11547
11566 11547 11546
11546 11547 11526
11546 11526 11525
11546 11525 11545
11546 11545 11525
11565 11545 11564
11564 11545 11544
11564 11544 11563
11563 11544 11543
11563 11543 11562
11563 11562 11543
11581 11562 11580
11581 11580 11562
11598 11580 11597
11597 11580 11579
11597 11579 11596
11597 11596 11579
11613 11596 11612
11613 11612 11596
11628 11612 11627
11627 11612 11611
11627 11611 11626
11627 11626 11611
11641 11626 11640
11640 11626 11625
